ObjectType = Image
NDims = 3
BinaryData = True
BinaryDataByteOrderMSB = False
CompressedData = False
TransformMatrix = 1 0 0 0 1 0 0 0 1
Offset = 0 0 0
CenterOfRotation = 0 0 0
AnatomicalOrientation = RAI
ElementSpacing = 1 1 1
CustomFieldNames = DefaultFrameTransformName UltrasoundImageOrientation
CustomFrameFieldNames = StylusToTrackerTransform Timestamp FrameNumber StylusToTrackerTransformStatus
DefaultFrameTransformName = StylusToTrackerTransform
Seq_Frame0000_FrameNumber = 0
Seq_Frame0000_StylusToTrackerTransformStatus = OK
Seq_Frame0000_StylusToTrackerTransform = 0.195416867733 0.0693910643458 -0.97826230526 116.309997559 -0.249618694186 0.968161463737 0.0188109576702 183.570007324 0.948421180248 0.240516588092 0.20651639998 -1640.13000488 0.0 0.0 0.0 1.0 
Seq_Frame0000_Timestamp = 1.39457192763e-05
Seq_Frame0001_FrameNumber = 1
Seq_Frame0001_StylusToTrackerTransformStatus = OK
Seq_Frame0001_StylusToTrackerTransform = 0.195416867733 0.0693910643458 -0.97826230526 116.309997559 -0.249618694186 0.968161463737 0.0188109576702 183.570007324 0.948421180248 0.240516588092 0.20651639998 -1640.13000488 0.0 0.0 0.0 1.0 
Seq_Frame0001_Timestamp = 0.0115131873852
Seq_Frame0002_FrameNumber = 2
Seq_Frame0002_StylusToTrackerTransformStatus = OK
Seq_Frame0002_StylusToTrackerTransform = 0.193534240127 0.0676772594452 -0.97875648737 116.230003357 -0.248897582293 0.968367278576 0.0177431646734 183.440002441 0.948996543884 0.240176215768 0.204256936908 -1640.40002441 0.0 0.0 0.0 1.0 
Seq_Frame0002_Timestamp = 0.0265295963739
Seq_Frame0003_FrameNumber = 3
Seq_Frame0003_StylusToTrackerTransformStatus = OK
Seq_Frame0003_StylusToTrackerTransform = 0.193534240127 0.0676772594452 -0.97875648737 116.230003357 -0.248897582293 0.968367278576 0.0177431646734 183.440002441 0.948996543884 0.240176215768 0.204256936908 -1640.40002441 0.0 0.0 0.0 1.0 
Seq_Frame0003_Timestamp = 0.0515254482339
Seq_Frame0004_FrameNumber = 4
Seq_Frame0004_StylusToTrackerTransformStatus = OK
Seq_Frame0004_StylusToTrackerTransform = 0.189979821444 0.0651833042502 -0.979621767998 116.050003052 -0.246639996767 0.968964278698 0.0166428238153 183.289993286 0.950303316116 0.238452106714 0.200160458684 -1640.9699707 0.0 0.0 0.0 1.0 
Seq_Frame0004_Timestamp = 0.0815295209532
Seq_Frame0005_FrameNumber = 5
Seq_Frame0005_StylusToTrackerTransformStatus = OK
Seq_Frame0005_StylusToTrackerTransform = 0.189979821444 0.0651833042502 -0.979621767998 116.050003052 -0.246639996767 0.968964278698 0.0166428238153 183.289993286 0.950303316116 0.238452106714 0.200160458684 -1640.9699707 0.0 0.0 0.0 1.0 
Seq_Frame0005_Timestamp = 0.0965097849143
Seq_Frame0006_FrameNumber = 6
Seq_Frame0006_StylusToTrackerTransformStatus = OK
Seq_Frame0006_StylusToTrackerTransform = 0.186653062701 0.0604624412954 -0.98056358099 115.830001831 -0.245653420687 0.969270467758 0.0130052706227 182.630004883 0.951217651367 0.238451316953 0.19577011466 -1641.68994141 0.0 0.0 0.0 1.0 
Seq_Frame0006_Timestamp = 0.14650917301
Seq_Frame0007_FrameNumber = 7
Seq_Frame0007_StylusToTrackerTransformStatus = OK
Seq_Frame0007_StylusToTrackerTransform = 0.186653062701 0.0604624412954 -0.98056358099 115.830001831 -0.245653420687 0.969270467758 0.0130052706227 182.630004883 0.951217651367 0.238451316953 0.19577011466 -1641.68994141 0.0 0.0 0.0 1.0 
Seq_Frame0007_Timestamp = 0.161500821232
Seq_Frame0008_FrameNumber = 8
Seq_Frame0008_StylusToTrackerTransformStatus = OK
Seq_Frame0008_StylusToTrackerTransform = 0.185981482267 0.0522345788777 -0.981163799763 115.699996948 -0.245686799288 0.969336211681 0.00503450538963 181.369995117 0.951340556145 0.240122675896 0.193111926317 -1642.2199707 0.0 0.0 0.0 1.0 
Seq_Frame0008_Timestamp = 0.181555334764
Seq_Frame0009_FrameNumber = 9
Seq_Frame0009_StylusToTrackerTransformStatus = OK
Seq_Frame0009_StylusToTrackerTransform = 0.191286802292 0.0390514805913 -0.980756998062 115.839996338 -0.244910076261 0.96950250864 -0.00916390027851 179.080001831 0.950488507748 0.241950213909 0.195017129183 -1642.0 0.0 0.0 0.0 1.0 
Seq_Frame0009_Timestamp = 0.216512983892
Seq_Frame0010_FrameNumber = 10
Seq_Frame0010_StylusToTrackerTransformStatus = OK
Seq_Frame0010_StylusToTrackerTransform = 0.191286802292 0.0390514805913 -0.980756998062 115.839996338 -0.244910076261 0.96950250864 -0.00916390027851 179.080001831 0.950488507748 0.241950213909 0.195017129183 -1642.0 0.0 0.0 0.0 1.0 
Seq_Frame0010_Timestamp = 0.231560984203
Seq_Frame0011_FrameNumber = 11
Seq_Frame0011_StylusToTrackerTransformStatus = OK
Seq_Frame0011_StylusToTrackerTransform = 0.204645186663 0.0219771936536 -0.978589475155 116.370002747 -0.238712757826 0.97068297863 -0.0281206071377 176.089996338 0.949282109737 0.239356532693 0.203891828656 -1640.69995117 0.0 0.0 0.0 1.0 
Seq_Frame0011_Timestamp = 0.246498841794
Seq_Frame0012_FrameNumber = 12
Seq_Frame0012_StylusToTrackerTransformStatus = OK
Seq_Frame0012_StylusToTrackerTransform = 0.204645186663 0.0219771936536 -0.978589475155 116.370002747 -0.238712757826 0.97068297863 -0.0281206071377 176.089996338 0.949282109737 0.239356532693 0.203891828656 -1640.69995117 0.0 0.0 0.0 1.0 
Seq_Frame0012_Timestamp = 0.276538774934
Seq_Frame0013_FrameNumber = 13
Seq_Frame0013_StylusToTrackerTransformStatus = OK
Seq_Frame0013_StylusToTrackerTransform = 0.229791477323 0.00736274942756 -0.973212063313 117.730003357 -0.23589797318 0.970573961735 -0.0483566261828 172.899993896 0.944218218327 0.240690693259 0.224766477942 -1637.2800293 0.0 0.0 0.0 1.0 
Seq_Frame0013_Timestamp = 0.301518119616
Seq_Frame0014_FrameNumber = 14
Seq_Frame0014_StylusToTrackerTransformStatus = OK
Seq_Frame0014_StylusToTrackerTransform = 0.264881283045 0.00259529100731 -0.964277565479 119.879997253 -0.232701316476 0.970613837242 -0.0613093152642 170.979995728 0.935782015324 0.240628346801 0.25770136714 -1631.97998047 0.0 0.0 0.0 1.0 
Seq_Frame0014_Timestamp = 0.316545059046
Seq_Frame0015_FrameNumber = 15
Seq_Frame0015_StylusToTrackerTransformStatus = OK
Seq_Frame0015_StylusToTrackerTransform = 0.264881283045 0.00259529100731 -0.964277565479 119.879997253 -0.232701316476 0.970613837242 -0.0613093152642 170.979995728 0.935782015324 0.240628346801 0.25770136714 -1631.97998047 0.0 0.0 0.0 1.0 
Seq_Frame0015_Timestamp = 0.331521338516
Seq_Frame0016_FrameNumber = 16
Seq_Frame0016_StylusToTrackerTransformStatus = OK
Seq_Frame0016_StylusToTrackerTransform = 0.311527132988 0.0104130189866 -0.95018017292 122.949996948 -0.232456877828 0.970393300056 -0.0655790418386 170.410003662 0.921365618706 0.241305574775 0.304724425077 -1624.81005859 0.0 0.0 0.0 1.0 
Seq_Frame0016_Timestamp = 0.361526834268
Seq_Frame0017_FrameNumber = 17
Seq_Frame0017_StylusToTrackerTransformStatus = OK
Seq_Frame0017_StylusToTrackerTransform = 0.311527132988 0.0104130189866 -0.95018017292 122.949996948 -0.232456877828 0.970393300056 -0.0655790418386 170.410003662 0.921365618706 0.241305574775 0.304724425077 -1624.81005859 0.0 0.0 0.0 1.0 
Seq_Frame0017_Timestamp = 0.376567719417
Seq_Frame0018_FrameNumber = 18
Seq_Frame0018_StylusToTrackerTransformStatus = OK
Seq_Frame0018_StylusToTrackerTransform = 0.357794195414 0.028503915295 -0.933365345001 126.480003357 -0.227429032326 0.97209584713 -0.0574954412878 171.800003052 0.905681729317 0.232845917344 0.354292869568 -1617.15002441 0.0 0.0 0.0 1.0 
Seq_Frame0018_Timestamp = 0.40156328667
Seq_Frame0019_FrameNumber = 19
Seq_Frame0019_StylusToTrackerTransformStatus = OK
Seq_Frame0019_StylusToTrackerTransform = 0.357794195414 0.028503915295 -0.933365345001 126.480003357 -0.227429032326 0.97209584713 -0.0574954412878 171.800003052 0.905681729317 0.232845917344 0.354292869568 -1617.15002441 0.0 0.0 0.0 1.0 
Seq_Frame0019_Timestamp = 0.431557682768
Seq_Frame0020_FrameNumber = 20
Seq_Frame0020_StylusToTrackerTransformStatus = OK
Seq_Frame0020_StylusToTrackerTransform = 0.394186198711 0.0550132133067 -0.917382597923 129.720001221 -0.216791316867 0.975602924824 -0.0346475839615 175.660003662 0.893095076084 0.212538167834 0.396495580673 -1610.59997559 0.0 0.0 0.0 1.0 
Seq_Frame0020_Timestamp = 0.446556730759
Seq_Frame0021_FrameNumber = 21
Seq_Frame0021_StylusToTrackerTransformStatus = OK
Seq_Frame0021_StylusToTrackerTransform = 0.394186198711 0.0550132133067 -0.917382597923 129.720001221 -0.216791316867 0.975602924824 -0.0346475839615 175.660003662 0.893095076084 0.212538167834 0.396495580673 -1610.59997559 0.0 0.0 0.0 1.0 
Seq_Frame0021_Timestamp = 0.46154354067
Seq_Frame0022_FrameNumber = 22
Seq_Frame0022_StylusToTrackerTransformStatus = OK
Seq_Frame0022_StylusToTrackerTransform = 0.417308598757 0.0893594697118 -0.904360771179 132.240005493 -0.209692895412 0.977767288685 -0.000148041362991 181.339996338 0.884241163731 0.189699798822 0.426768749952 -1606.01000977 0.0 0.0 0.0 1.0 
Seq_Frame0022_Timestamp = 0.496571772213
Seq_Frame0023_FrameNumber = 23
Seq_Frame0023_StylusToTrackerTransformStatus = OK
Seq_Frame0023_StylusToTrackerTransform = 0.417308598757 0.0893594697118 -0.904360771179 132.240005493 -0.209692895412 0.977767288685 -0.000148041362991 181.339996338 0.884241163731 0.189699798822 0.426768749952 -1606.01000977 0.0 0.0 0.0 1.0 
Seq_Frame0023_Timestamp = 0.516550580412
Seq_Frame0024_FrameNumber = 24
Seq_Frame0024_StylusToTrackerTransformStatus = OK
Seq_Frame0024_StylusToTrackerTransform = 0.424536257982 0.1312623173 -0.895845532417 133.720001221 -0.206732302904 0.977351248264 0.0452355258167 188.61000061 0.881493449211 0.165996074677 0.442057222128 -1603.63000488 0.0 0.0 0.0 1.0 
Seq_Frame0024_Timestamp = 0.531563574123
Seq_Frame0025_FrameNumber = 25
Seq_Frame0025_StylusToTrackerTransformStatus = OK
Seq_Frame0025_StylusToTrackerTransform = 0.424536257982 0.1312623173 -0.895845532417 133.720001221 -0.206732302904 0.977351248264 0.0452355258167 188.61000061 0.881493449211 0.165996074677 0.442057222128 -1603.63000488 0.0 0.0 0.0 1.0 
Seq_Frame0025_Timestamp = 0.561577038857
Seq_Frame0026_FrameNumber = 26
Seq_Frame0026_StylusToTrackerTransformStatus = OK
Seq_Frame0026_StylusToTrackerTransform = 0.415372222662 0.177885770798 -0.892088890076 134.289993286 -0.203684657812 0.973979949951 0.0993760079145 197.279998779 0.886554300785 0.140426799655 0.440796822309 -1603.55004883 0.0 0.0 0.0 1.0 
Seq_Frame0026_Timestamp = 0.57657267157
Seq_Frame0027_FrameNumber = 27
Seq_Frame0027_StylusToTrackerTransformStatus = OK
Seq_Frame0027_StylusToTrackerTransform = 0.415372222662 0.177885770798 -0.892088890076 134.289993286 -0.203684657812 0.973979949951 0.0993760079145 197.279998779 0.886554300785 0.140426799655 0.440796822309 -1603.55004883 0.0 0.0 0.0 1.0 
Seq_Frame0027_Timestamp = 0.596547495278
Seq_Frame0028_FrameNumber = 28
Seq_Frame0028_StylusToTrackerTransformStatus = OK
Seq_Frame0028_StylusToTrackerTransform = 0.396222710609 0.225154489279 -0.890119671822 134.149993896 -0.211704328656 0.965746879578 0.150047451258 205.279998779 0.893414139748 0.128989979625 0.430317044258 -1605.31005859 0.0 0.0 0.0 1.0 
Seq_Frame0028_Timestamp = 0.631565765593
Seq_Frame0029_FrameNumber = 29
Seq_Frame0029_StylusToTrackerTransformStatus = OK
Seq_Frame0029_StylusToTrackerTransform = 0.367853015661 0.263676673174 -0.891716778278 133.38999939 -0.223522797227 0.955911159515 0.190450549126 211.399993896 0.902619361877 0.129261210561 0.410572558641 -1608.25 0.0 0.0 0.0 1.0 
Seq_Frame0029_Timestamp = 0.646550014045
Seq_Frame0030_FrameNumber = 30
Seq_Frame0030_StylusToTrackerTransformStatus = OK
Seq_Frame0030_StylusToTrackerTransform = 0.367853015661 0.263676673174 -0.891716778278 133.38999939 -0.223522797227 0.955911159515 0.190450549126 211.399993896 0.902619361877 0.129261210561 0.410572558641 -1608.25 0.0 0.0 0.0 1.0 
Seq_Frame0030_Timestamp = 0.661563576969
Seq_Frame0031_FrameNumber = 31
Seq_Frame0031_StylusToTrackerTransformStatus = OK
Seq_Frame0031_StylusToTrackerTransform = 0.335754841566 0.284234553576 -0.898041963577 131.779998779 -0.224524229765 0.950056195259 0.216753453016 215.490005493 0.914799213409 0.128856152296 0.382803529501 -1612.39001465 0.0 0.0 0.0 1.0 
Seq_Frame0031_Timestamp = 0.696551678993
Seq_Frame0032_FrameNumber = 32
Seq_Frame0032_StylusToTrackerTransformStatus = OK
Seq_Frame0032_StylusToTrackerTransform = 0.335754841566 0.284234553576 -0.898041963577 131.779998779 -0.224524229765 0.950056195259 0.216753453016 215.490005493 0.914799213409 0.128856152296 0.382803529501 -1612.39001465 0.0 0.0 0.0 1.0 
Seq_Frame0032_Timestamp = 0.711549873165
Seq_Frame0033_FrameNumber = 33
Seq_Frame0033_StylusToTrackerTransformStatus = OK
Seq_Frame0033_StylusToTrackerTransform = 0.30367949605 0.28573435545 -0.908919513226 129.460006714 -0.221346378326 0.949028611183 0.224389180541 216.710006714 0.926706314087 0.133043646812 0.351446777582 -1617.18005371 0.0 0.0 0.0 1.0 
Seq_Frame0033_Timestamp = 0.731545473148
Seq_Frame0034_FrameNumber = 34
Seq_Frame0034_StylusToTrackerTransformStatus = OK
Seq_Frame0034_StylusToTrackerTransform = 0.30367949605 0.28573435545 -0.908919513226 129.460006714 -0.221346378326 0.949028611183 0.224389180541 216.710006714 0.926706314087 0.133043646812 0.351446777582 -1617.18005371 0.0 0.0 0.0 1.0 
Seq_Frame0034_Timestamp = 0.761665665326
Seq_Frame0035_FrameNumber = 35
Seq_Frame0035_StylusToTrackerTransformStatus = OK
Seq_Frame0035_StylusToTrackerTransform = 0.269138067961 0.272148489952 -0.923850595951 126.400001526 -0.217422425747 0.951650857925 0.21699796617 215.669998169 0.938238859177 0.142463415861 0.315296649933 -1622.79003906 0.0 0.0 0.0 1.0 
Seq_Frame0035_Timestamp = 0.781631666232
Seq_Frame0036_FrameNumber = 36
Seq_Frame0036_StylusToTrackerTransformStatus = OK
Seq_Frame0036_StylusToTrackerTransform = 0.269138067961 0.272148489952 -0.923850595951 126.400001526 -0.217422425747 0.951650857925 0.21699796617 215.669998169 0.938238859177 0.142463415861 0.315296649933 -1622.79003906 0.0 0.0 0.0 1.0 
Seq_Frame0036_Timestamp = 0.796601399752
Seq_Frame0037_FrameNumber = 37
Seq_Frame0037_StylusToTrackerTransformStatus = OK
Seq_Frame0037_StylusToTrackerTransform = 0.224903911352 0.244514882565 -0.943202376366 122.529998779 -0.194536477327 0.959780871868 0.20242600143 213.759994507 0.954763710499 0.137960866094 0.263425529003 -1630.64001465 0.0 0.0 0.0 1.0 
Seq_Frame0037_Timestamp = 0.82662681796
Seq_Frame0038_FrameNumber = 38
Seq_Frame0038_StylusToTrackerTransformStatus = OK
Seq_Frame0038_StylusToTrackerTransform = 0.174888461828 0.205544263124 -0.962894380093 118.38999939 -0.174282371998 0.968986093998 0.175190106034 209.869995117 0.969040572643 0.137176781893 0.205287232995 -1639.92004395 0.0 0.0 0.0 1.0 
Seq_Frame0038_Timestamp = 0.846566065853
Seq_Frame0039_FrameNumber = 39
Seq_Frame0039_StylusToTrackerTransformStatus = OK
Seq_Frame0039_StylusToTrackerTransform = 0.174888461828 0.205544263124 -0.962894380093 118.38999939 -0.174282371998 0.968986093998 0.175190106034 209.869995117 0.969040572643 0.137176781893 0.205287232995 -1639.92004395 0.0 0.0 0.0 1.0 
Seq_Frame0039_Timestamp = 0.861552021944
Seq_Frame0040_FrameNumber = 40
Seq_Frame0040_StylusToTrackerTransformStatus = OK
Seq_Frame0040_StylusToTrackerTransform = 0.124630667269 0.160867735744 -0.979075491428 114.870002747 -0.161912277341 0.97683942318 0.139889836311 204.350006104 0.97890329361 0.141089767218 0.14779061079 -1648.82995605 0.0 0.0 0.0 1.0 
Seq_Frame0040_Timestamp = 0.896557484966
Seq_Frame0041_FrameNumber = 41
Seq_Frame0041_StylusToTrackerTransformStatus = OK
Seq_Frame0041_StylusToTrackerTransform = 0.124630667269 0.160867735744 -0.979075491428 114.870002747 -0.161912277341 0.97683942318 0.139889836311 204.350006104 0.97890329361 0.141089767218 0.14779061079 -1648.82995605 0.0 0.0 0.0 1.0 
Seq_Frame0041_Timestamp = 0.911569340251
Seq_Frame0042_FrameNumber = 42
Seq_Frame0042_StylusToTrackerTransformStatus = OK
Seq_Frame0042_StylusToTrackerTransform = 0.0836095511913 0.116649024189 -0.989647626877 112.38999939 -0.15126286447 0.983102381229 0.103098221123 198.690002441 0.984951257706 0.141076937318 0.0998414158821 -1656.54003906 0.0 0.0 0.0 1.0 
Seq_Frame0042_Timestamp = 0.926569526668
Seq_Frame0043_FrameNumber = 43
Seq_Frame0043_StylusToTrackerTransformStatus = OK
Seq_Frame0043_StylusToTrackerTransform = 0.0836095511913 0.116649024189 -0.989647626877 112.38999939 -0.15126286447 0.983102381229 0.103098221123 198.690002441 0.984951257706 0.141076937318 0.0998414158821 -1656.54003906 0.0 0.0 0.0 1.0 
Seq_Frame0043_Timestamp = 0.96656926483
Seq_Frame0044_FrameNumber = 44
Seq_Frame0044_StylusToTrackerTransformStatus = OK
Seq_Frame0044_StylusToTrackerTransform = 0.056342728436 0.0714722126722 -0.995850026608 110.930000305 -0.144680380821 0.987490773201 0.0626866072416 192.36000061 0.987873017788 0.140548020601 0.0659785494208 -1661.61999512 0.0 0.0 0.0 1.0 
Seq_Frame0044_Timestamp = 0.981556928561
Seq_Frame0045_FrameNumber = 45
Seq_Frame0045_StylusToTrackerTransformStatus = OK
Seq_Frame0045_StylusToTrackerTransform = 0.056342728436 0.0714722126722 -0.995850026608 110.930000305 -0.144680380821 0.987490773201 0.0626866072416 192.36000061 0.987873017788 0.140548020601 0.0659785494208 -1661.61999512 0.0 0.0 0.0 1.0 
Seq_Frame0045_Timestamp = 0.996554838126
Seq_Frame0046_FrameNumber = 46
Seq_Frame0046_StylusToTrackerTransformStatus = OK
Seq_Frame0046_StylusToTrackerTransform = 0.0573506467044 0.0235676411539 -0.998075902462 110.529998779 -0.149149060249 0.988704323769 0.0147760650143 184.649993896 0.987150192261 0.14801466465 0.0602179206908 -1662.69995117 0.0 0.0 0.0 1.0 
Seq_Frame0046_Timestamp = 1.02655805703
Seq_Frame0047_FrameNumber = 47
Seq_Frame0047_StylusToTrackerTransformStatus = OK
Seq_Frame0047_StylusToTrackerTransform = 0.0839101672173 -0.0240533519536 -0.996182978153 111.300003052 -0.160699725151 0.986296355724 -0.0373506434262 176.179992676 0.983430087566 0.163220435381 0.0788949206471 -1659.63000488 0.0 0.0 0.0 1.0 
Seq_Frame0047_Timestamp = 1.04655024173
Seq_Frame0048_FrameNumber = 48
Seq_Frame0048_StylusToTrackerTransformStatus = OK
Seq_Frame0048_StylusToTrackerTransform = 0.0839101672173 -0.0240533519536 -0.996182978153 111.300003052 -0.160699725151 0.986296355724 -0.0373506434262 176.179992676 0.983430087566 0.163220435381 0.0788949206471 -1659.63000488 0.0 0.0 0.0 1.0 
Seq_Frame0048_Timestamp = 1.0665629181
Seq_Frame0049_FrameNumber = 49
Seq_Frame0049_StylusToTrackerTransformStatus = OK
Seq_Frame0049_StylusToTrackerTransform = 0.130923673511 -0.0642694830894 -0.989307045937 113.279998779 -0.17505210638 0.980718612671 -0.0868777260184 168.020004272 0.975815415382 0.184554636478 0.117148779333 -1653.29003906 0.0 0.0 0.0 1.0 
Seq_Frame0049_Timestamp = 1.08156025846
Seq_Frame0050_FrameNumber = 50
Seq_Frame0050_StylusToTrackerTransformStatus = OK
Seq_Frame0050_StylusToTrackerTransform = 0.130923673511 -0.0642694830894 -0.989307045937 113.279998779 -0.17505210638 0.980718612671 -0.0868777260184 168.020004272 0.975815415382 0.184554636478 0.117148779333 -1653.29003906 0.0 0.0 0.0 1.0 
Seq_Frame0050_Timestamp = 1.11156603882
Seq_Frame0051_FrameNumber = 51
Seq_Frame0051_StylusToTrackerTransformStatus = OK
Seq_Frame0051_StylusToTrackerTransform = 0.194370552897 -0.0949581041932 -0.976321160793 116.480003357 -0.188556566834 0.973125517368 -0.13218601048 160.630004883 0.962635219097 0.209784835577 0.17124196887 -1644.98999023 0.0 0.0 0.0 1.0 
Seq_Frame0051_Timestamp = 1.12657106354
Seq_Frame0052_FrameNumber = 52
Seq_Frame0052_StylusToTrackerTransformStatus = OK
Seq_Frame0052_StylusToTrackerTransform = 0.194370552897 -0.0949581041932 -0.976321160793 116.480003357 -0.188556566834 0.973125517368 -0.13218601048 160.630004883 0.962635219097 0.209784835577 0.17124196887 -1644.98999023 0.0 0.0 0.0 1.0 
Seq_Frame0052_Timestamp = 1.1465700788
Seq_Frame0053_FrameNumber = 53
Seq_Frame0053_StylusToTrackerTransformStatus = OK
Seq_Frame0053_StylusToTrackerTransform = 0.261662632227 -0.113471239805 -0.9584659338 120.540000916 -0.199999272823 0.965135395527 -0.168860927224 154.720001221 0.944210231304 0.235877081752 0.229845687747 -1636.0300293 0.0 0.0 0.0 1.0 
Seq_Frame0053_Timestamp = 1.18159859495
Seq_Frame0054_FrameNumber = 54
Seq_Frame0054_StylusToTrackerTransformStatus = OK
Seq_Frame0054_StylusToTrackerTransform = 0.261662632227 -0.113471239805 -0.9584659338 120.540000916 -0.199999272823 0.965135395527 -0.168860927224 154.720001221 0.944210231304 0.235877081752 0.229845687747 -1636.0300293 0.0 0.0 0.0 1.0 
Seq_Frame0054_Timestamp = 1.19657458982
Seq_Frame0055_FrameNumber = 55
Seq_Frame0055_StylusToTrackerTransformStatus = OK
Seq_Frame0055_StylusToTrackerTransform = 0.318379193544 -0.119149208069 -0.940445721149 124.470001221 -0.198875024915 0.961596906185 -0.189156249166 151.479995728 0.926867544651 0.247254580259 0.282456666231 -1628.02001953 0.0 0.0 0.0 1.0 
Seq_Frame0055_Timestamp = 1.21156823029
Seq_Frame0056_FrameNumber = 56
Seq_Frame0056_StylusToTrackerTransformStatus = OK
Seq_Frame0056_StylusToTrackerTransform = 0.360824584961 -0.107180051506 -0.926454544067 127.5 -0.195742189884 0.962545931339 -0.187590762973 151.839996338 0.91186106205 0.249033614993 0.326330602169 -1621.35998535 0.0 0.0 0.0 1.0 
Seq_Frame0056_Timestamp = 1.24657824701
Seq_Frame0057_FrameNumber = 57
Seq_Frame0057_StylusToTrackerTransformStatus = OK
Seq_Frame0057_StylusToTrackerTransform = 0.360824584961 -0.107180051506 -0.926454544067 127.5 -0.195742189884 0.962545931339 -0.187590762973 151.839996338 0.91186106205 0.249033614993 0.326330602169 -1621.35998535 0.0 0.0 0.0 1.0 
Seq_Frame0057_Timestamp = 1.2616031942
Seq_Frame0058_FrameNumber = 58
Seq_Frame0058_StylusToTrackerTransformStatus = OK
Seq_Frame0058_StylusToTrackerTransform = 0.384144693613 -0.0791460201144 -0.919874310493 129.149993896 -0.181276813149 0.970460653305 -0.159200683236 156.630004883 0.90530192852 0.227907985449 0.358449965715 -1616.16003418 0.0 0.0 0.0 1.0 
Seq_Frame0058_Timestamp = 1.28158285621
Seq_Frame0059_FrameNumber = 59
Seq_Frame0059_StylusToTrackerTransformStatus = OK
Seq_Frame0059_StylusToTrackerTransform = 0.384144693613 -0.0791460201144 -0.919874310493 129.149993896 -0.181276813149 0.970460653305 -0.159200683236 156.630004883 0.90530192852 0.227907985449 0.358449965715 -1616.16003418 0.0 0.0 0.0 1.0 
Seq_Frame0059_Timestamp = 1.3115812368
Seq_Frame0060_FrameNumber = 60
Seq_Frame0060_StylusToTrackerTransformStatus = OK
Seq_Frame0060_StylusToTrackerTransform = 0.403092265129 -0.0313824266195 -0.914621114731 130.169998169 -0.178161397576 0.977599322796 -0.112062714994 164.220001221 0.897649765015 0.208121776581 0.388471603394 -1611.84997559 0.0 0.0 0.0 1.0 
Seq_Frame0060_Timestamp = 1.32660191489
Seq_Frame0061_FrameNumber = 61
Seq_Frame0061_StylusToTrackerTransformStatus = OK
Seq_Frame0061_StylusToTrackerTransform = 0.403092265129 -0.0313824266195 -0.914621114731 130.169998169 -0.178161397576 0.977599322796 -0.112062714994 164.220001221 0.897649765015 0.208121776581 0.388471603394 -1611.84997559 0.0 0.0 0.0 1.0 
Seq_Frame0061_Timestamp = 1.34657873084
Seq_Frame0062_FrameNumber = 62
Seq_Frame0062_StylusToTrackerTransformStatus = OK
Seq_Frame0062_StylusToTrackerTransform = 0.417403161526 0.0267471056432 -0.908327698708 131.429992676 -0.178621128201 0.982481300831 -0.0531509630382 173.529998779 0.8909932971 0.184431895614 0.4148683846 -1607.82995605 0.0 0.0 0.0 1.0 
Seq_Frame0062_Timestamp = 1.37658479581
Seq_Frame0063_FrameNumber = 63
Seq_Frame0063_StylusToTrackerTransformStatus = OK
Seq_Frame0063_StylusToTrackerTransform = 0.417403161526 0.0267471056432 -0.908327698708 131.429992676 -0.178621128201 0.982481300831 -0.0531509630382 173.529998779 0.8909932971 0.184431895614 0.4148683846 -1607.82995605 0.0 0.0 0.0 1.0 
Seq_Frame0063_Timestamp = 1.39659861061
Seq_Frame0064_FrameNumber = 64
Seq_Frame0064_StylusToTrackerTransformStatus = OK
Seq_Frame0064_StylusToTrackerTransform = 0.424998521805 0.0871652662754 -0.900987505913 132.75 -0.177549928427 0.9840452075 0.0114497710019 183.809997559 0.887610435486 0.155104130507 0.433693945408 -1604.89001465 0.0 0.0 0.0 1.0 
Seq_Frame0064_Timestamp = 1.41159708939
Seq_Frame0065_FrameNumber = 65
Seq_Frame0065_StylusToTrackerTransformStatus = OK
Seq_Frame0065_StylusToTrackerTransform = 0.424998521805 0.0871652662754 -0.900987505913 132.75 -0.177549928427 0.9840452075 0.0114497710019 183.809997559 0.887610435486 0.155104130507 0.433693945408 -1604.89001465 0.0 0.0 0.0 1.0 
Seq_Frame0065_Timestamp = 1.44658632984
Seq_Frame0066_FrameNumber = 66
Seq_Frame0066_StylusToTrackerTransformStatus = OK
Seq_Frame0066_StylusToTrackerTransform = 0.422638773918 0.145856961608 -0.894484341145 133.789993286 -0.187055796385 0.979752659798 0.0713782310486 193.100006104 0.886784434319 0.137151271105 0.441364854574 -1603.61999512 0.0 0.0 0.0 1.0 
Seq_Frame0066_Timestamp = 1.46158480861
Seq_Frame0067_FrameNumber = 67
Seq_Frame0067_StylusToTrackerTransformStatus = OK
Seq_Frame0067_StylusToTrackerTransform = 0.422638773918 0.145856961608 -0.894484341145 133.789993286 -0.187055796385 0.979752659798 0.0713782310486 193.100006104 0.886784434319 0.137151271105 0.441364854574 -1603.61999512 0.0 0.0 0.0 1.0 
Seq_Frame0067_Timestamp = 1.47658471043
Seq_Frame0068_FrameNumber = 68
Seq_Frame0068_StylusToTrackerTransformStatus = OK
Seq_Frame0068_StylusToTrackerTransform = 0.405979990959 0.192028269172 -0.893479406834 133.660003662 -0.190322801471 0.974003970623 0.122855708003 201.289993286 0.89384418726 0.120172545314 0.431973457336 -1604.97998047 0.0 0.0 0.0 1.0 
Seq_Frame0068_Timestamp = 1.5165804641
Seq_Frame0069_FrameNumber = 69
Seq_Frame0069_StylusToTrackerTransformStatus = OK
Seq_Frame0069_StylusToTrackerTransform = 0.405979990959 0.192028269172 -0.893479406834 133.660003662 -0.190322801471 0.974003970623 0.122855708003 201.289993286 0.89384418726 0.120172545314 0.431973457336 -1604.97998047 0.0 0.0 0.0 1.0 
Seq_Frame0069_Timestamp = 1.53158918871
Seq_Frame0070_FrameNumber = 70
Seq_Frame0070_StylusToTrackerTransformStatus = OK
Seq_Frame0070_StylusToTrackerTransform = 0.376257747412 0.222763046622 -0.89933681488 132.339996338 -0.183969140053 0.969301521778 0.163125470281 207.759994507 0.908066868782 0.104073002934 0.405688732862 -1608.7199707 0.0 0.0 0.0 1.0 
Seq_Frame0070_Timestamp = 1.5466144205
Seq_Frame0071_FrameNumber = 71
Seq_Frame0071_StylusToTrackerTransformStatus = OK
Seq_Frame0071_StylusToTrackerTransform = 0.334181398153 0.239870905876 -0.911473929882 129.559997559 -0.174804106355 0.96606785059 0.190148383379 212.289993286 0.926156759262 0.0957853272557 0.364772349596 -1615.04003906 0.0 0.0 0.0 1.0 
Seq_Frame0071_Timestamp = 1.57659316324
Seq_Frame0072_FrameNumber = 72
Seq_Frame0072_StylusToTrackerTransformStatus = OK
Seq_Frame0072_StylusToTrackerTransform = 0.334181398153 0.239870905876 -0.911473929882 129.559997559 -0.174804106355 0.96606785059 0.190148383379 212.289993286 0.926156759262 0.0957853272557 0.364772349596 -1615.04003906 0.0 0.0 0.0 1.0 
Seq_Frame0072_Timestamp = 1.59663287723
Seq_Frame0073_FrameNumber = 73
Seq_Frame0073_StylusToTrackerTransformStatus = OK
Seq_Frame0073_StylusToTrackerTransform = 0.28317463398 0.243519499898 -0.92763698101 126.029998779 -0.158519417048 0.965808033943 0.205149665475 215.009994507 0.945877194405 0.0889552980661 0.312094897032 -1623.17004395 0.0 0.0 0.0 1.0 
Seq_Frame0073_Timestamp = 1.61659403983
Seq_Frame0074_FrameNumber = 74
Seq_Frame0074_StylusToTrackerTransformStatus = OK
Seq_Frame0074_StylusToTrackerTransform = 0.28317463398 0.243519499898 -0.92763698101 126.029998779 -0.158519417048 0.965808033943 0.205149665475 215.009994507 0.945877194405 0.0889552980661 0.312094897032 -1623.17004395 0.0 0.0 0.0 1.0 
Seq_Frame0074_Timestamp = 1.64661262748
Seq_Frame0075_FrameNumber = 75
Seq_Frame0075_StylusToTrackerTransformStatus = OK
Seq_Frame0075_StylusToTrackerTransform = 0.226282179356 0.235247552395 -0.945227444172 122.11000061 -0.142995640635 0.967907011509 0.206659674644 215.320007324 0.963508486748 0.0884000137448 0.252659499645 -1632.31005859 0.0 0.0 0.0 1.0 
Seq_Frame0075_Timestamp = 1.66157780729
Seq_Frame0076_FrameNumber = 76
Seq_Frame0076_StylusToTrackerTransformStatus = OK
Seq_Frame0076_StylusToTrackerTransform = 0.226282179356 0.235247552395 -0.945227444172 122.11000061 -0.142995640635 0.967907011509 0.206659674644 215.320007324 0.963508486748 0.0884000137448 0.252659499645 -1632.31005859 0.0 0.0 0.0 1.0 
Seq_Frame0076_Timestamp = 1.67656632484
Seq_Frame0077_FrameNumber = 77
Seq_Frame0077_StylusToTrackerTransformStatus = OK
Seq_Frame0077_StylusToTrackerTransform = 0.16782091558 0.216267943382 -0.961802661419 118.300003052 -0.12631893158 0.972314536572 0.19659075141 214.050003052 0.97769099474 0.0885018482804 0.190493449569 -1642.08996582 0.0 0.0 0.0 1.0 
Seq_Frame0077_Timestamp = 1.71157719539
Seq_Frame0078_FrameNumber = 78
Seq_Frame0078_StylusToTrackerTransformStatus = OK
Seq_Frame0078_StylusToTrackerTransform = 0.16782091558 0.216267943382 -0.961802661419 118.300003052 -0.12631893158 0.972314536572 0.19659075141 214.050003052 0.97769099474 0.0885018482804 0.190493449569 -1642.08996582 0.0 0.0 0.0 1.0 
Seq_Frame0078_Timestamp = 1.7315955639
Seq_Frame0079_FrameNumber = 79
Seq_Frame0079_StylusToTrackerTransformStatus = OK
Seq_Frame0079_StylusToTrackerTransform = 0.118241131306 0.183227494359 -0.975933790207 115.11000061 -0.122337080538 0.978028953075 0.168798863888 209.570007324 0.985420048237 0.0994339138269 0.138058766723 -1650.45996094 0.0 0.0 0.0 1.0 
Seq_Frame0079_Timestamp = 1.74668198609
Seq_Frame0080_FrameNumber = 80
Seq_Frame0080_StylusToTrackerTransformStatus = OK
Seq_Frame0080_StylusToTrackerTransform = 0.0790342092514 0.13799443841 -0.987274587154 112.540000916 -0.0970205888152 0.986735701561 0.130152329803 203.800003052 0.992139399052 0.0854994729161 0.091374181211 -1657.60998535 0.0 0.0 0.0 1.0 
Seq_Frame0080_Timestamp = 1.77669801228
Seq_Frame0081_FrameNumber = 81
Seq_Frame0081_StylusToTrackerTransformStatus = OK
Seq_Frame0081_StylusToTrackerTransform = 0.0790342092514 0.13799443841 -0.987274587154 112.540000916 -0.0970205888152 0.986735701561 0.130152329803 203.800003052 0.992139399052 0.0854994729161 0.091374181211 -1657.60998535 0.0 0.0 0.0 1.0 
Seq_Frame0081_Timestamp = 1.79666088251
Seq_Frame0082_FrameNumber = 82
Seq_Frame0082_StylusToTrackerTransformStatus = OK
Seq_Frame0082_StylusToTrackerTransform = 0.0638210624456 0.0819341167808 -0.994592189789 111.080001831 -0.101284831762 0.992009580135 0.0752221047878 194.929992676 0.992808282375 0.0959363505244 0.0716097950935 -1660.80004883 0.0 0.0 0.0 1.0 
Seq_Frame0082_Timestamp = 1.81165224613
Seq_Frame0083_FrameNumber = 83
Seq_Frame0083_StylusToTrackerTransformStatus = OK
Seq_Frame0083_StylusToTrackerTransform = 0.0638210624456 0.0819341167808 -0.994592189789 111.080001831 -0.101284831762 0.992009580135 0.0752221047878 194.929992676 0.992808282375 0.0959363505244 0.0716097950935 -1660.80004883 0.0 0.0 0.0 1.0 
Seq_Frame0083_Timestamp = 1.84665344005
Seq_Frame0084_FrameNumber = 84
Seq_Frame0084_StylusToTrackerTransformStatus = OK
Seq_Frame0084_StylusToTrackerTransform = 0.0642187818885 0.0240470971912 -0.997646093369 110.589996338 -0.0969733372331 0.995128810406 0.017744217068 185.86000061 0.993213057518 0.0956055596471 0.0662378892303 -1661.44995117 0.0 0.0 0.0 1.0 
Seq_Frame0084_Timestamp = 1.86161463538
Seq_Frame0085_FrameNumber = 85
Seq_Frame0085_StylusToTrackerTransformStatus = OK
Seq_Frame0085_StylusToTrackerTransform = 0.0808420851827 -0.0304524656385 -0.99626159668 111.169998169 -0.0953145995736 0.994716286659 -0.0381395742297 176.970001221 0.992159128189 0.0980415642262 0.0775123760104 -1659.2800293 0.0 0.0 0.0 1.0 
Seq_Frame0085_Timestamp = 1.87663389043
Seq_Frame0086_FrameNumber = 86
Seq_Frame0086_StylusToTrackerTransformStatus = OK
Seq_Frame0086_StylusToTrackerTransform = 0.0808420851827 -0.0304524656385 -0.99626159668 111.169998169 -0.0953145995736 0.994716286659 -0.0381395742297 176.970001221 0.992159128189 0.0980415642262 0.0775123760104 -1659.2800293 0.0 0.0 0.0 1.0 
Seq_Frame0086_Timestamp = 1.89660729111
Seq_Frame0087_FrameNumber = 87
Seq_Frame0087_StylusToTrackerTransformStatus = OK
Seq_Frame0087_StylusToTrackerTransform = 0.1098119542 -0.0761163309216 -0.991033613682 112.660003662 -0.0960058048368 0.991589188576 -0.0867969691753 169.36000061 0.989304900169 0.104676321149 0.101580739021 -1655.17004395 0.0 0.0 0.0 1.0 
Seq_Frame0087_Timestamp = 1.92706246515
Seq_Frame0088_FrameNumber = 88
Seq_Frame0088_StylusToTrackerTransformStatus = OK
Seq_Frame0088_StylusToTrackerTransform = 0.1098119542 -0.0761163309216 -0.991033613682 112.660003662 -0.0960058048368 0.991589188576 -0.0867969691753 169.36000061 0.989304900169 0.104676321149 0.101580739021 -1655.17004395 0.0 0.0 0.0 1.0 
Seq_Frame0088_Timestamp = 1.94686168664
Seq_Frame0089_FrameNumber = 89
Seq_Frame0089_StylusToTrackerTransformStatus = OK
Seq_Frame0089_StylusToTrackerTransform = 0.147237896919 -0.10756739974 -0.983234584332 114.589996338 -0.0906861796975 0.988413751125 -0.121714130044 164.0 0.984935045242 0.107086718082 0.13577708602 -1649.81994629 0.0 0.0 0.0 1.0 
Seq_Frame0089_Timestamp = 1.96160458877
Seq_Frame0090_FrameNumber = 90
Seq_Frame0090_StylusToTrackerTransformStatus = OK
Seq_Frame0090_StylusToTrackerTransform = 0.147237896919 -0.10756739974 -0.983234584332 114.589996338 -0.0906861796975 0.988413751125 -0.121714130044 164.0 0.984935045242 0.107086718082 0.13577708602 -1649.81994629 0.0 0.0 0.0 1.0 
Seq_Frame0090_Timestamp = 1.99660777494
Seq_Frame0091_FrameNumber = 91
Seq_Frame0091_StylusToTrackerTransformStatus = OK
Seq_Frame0091_StylusToTrackerTransform = 0.194384455681 -0.124447010458 -0.972999274731 117.150001526 -0.087259568274 0.985793530941 -0.143515989184 160.699996948 0.977036595345 0.112800776958 0.180763751268 -1642.55004883 0.0 0.0 0.0 1.0 
Seq_Frame0091_Timestamp = 2.0116011308
Seq_Frame0092_FrameNumber = 92
Seq_Frame0092_StylusToTrackerTransformStatus = OK
Seq_Frame0092_StylusToTrackerTransform = 0.194384455681 -0.124447010458 -0.972999274731 117.150001526 -0.087259568274 0.985793530941 -0.143515989184 160.699996948 0.977036595345 0.112800776958 0.180763751268 -1642.55004883 0.0 0.0 0.0 1.0 
Seq_Frame0092_Timestamp = 2.0266400237
Seq_Frame0093_FrameNumber = 93
Seq_Frame0093_StylusToTrackerTransformStatus = OK
Seq_Frame0093_StylusToTrackerTransform = 0.248071461916 -0.127734169364 -0.960283577442 120.069999695 -0.0765124559402 0.985588848591 -0.150865778327 159.770004272 0.96571546793 0.110899150372 0.234723210335 -1634.35998535 0.0 0.0 0.0 1.0 
Seq_Frame0093_Timestamp = 2.06161304158
Seq_Frame0094_FrameNumber = 94
Seq_Frame0094_StylusToTrackerTransformStatus = OK
Seq_Frame0094_StylusToTrackerTransform = 0.248071461916 -0.127734169364 -0.960283577442 120.069999695 -0.0765124559402 0.985588848591 -0.150865778327 159.770004272 0.96571546793 0.110899150372 0.234723210335 -1634.35998535 0.0 0.0 0.0 1.0 
Seq_Frame0094_Timestamp = 2.08160181101
Seq_Frame0095_FrameNumber = 95
Seq_Frame0095_StylusToTrackerTransformStatus = OK
Seq_Frame0095_StylusToTrackerTransform = 0.300770938396 -0.114643372595 -0.946780741215 123.209999084 -0.0709781423211 0.987304449081 -0.142098456621 161.38999939 0.951051473618 0.109939828515 0.28881534934 -1626.02001953 0.0 0.0 0.0 1.0 
Seq_Frame0095_Timestamp = 2.09662590437
Seq_Frame0096_FrameNumber = 96
Seq_Frame0096_StylusToTrackerTransformStatus = OK
Seq_Frame0096_StylusToTrackerTransform = 0.300770938396 -0.114643372595 -0.946780741215 123.209999084 -0.0709781423211 0.987304449081 -0.142098456621 161.38999939 0.951051473618 0.109939828515 0.28881534934 -1626.02001953 0.0 0.0 0.0 1.0 
Seq_Frame0096_Timestamp = 2.1266259926
Seq_Frame0097_FrameNumber = 97
Seq_Frame0097_StylusToTrackerTransformStatus = OK
Seq_Frame0097_StylusToTrackerTransform = 0.344690352678 -0.0888163968921 -0.934505343437 125.989997864 -0.0629877373576 0.991082012653 -0.117426402867 165.509994507 0.936600804329 0.0993381291628 0.336022049189 -1618.80004883 0.0 0.0 0.0 1.0 
Seq_Frame0097_Timestamp = 2.14161308712
Seq_Frame0098_FrameNumber = 98
Seq_Frame0098_StylusToTrackerTransformStatus = OK
Seq_Frame0098_StylusToTrackerTransform = 0.344690352678 -0.0888163968921 -0.934505343437 125.989997864 -0.0629877373576 0.991082012653 -0.117426402867 165.509994507 0.936600804329 0.0993381291628 0.336022049189 -1618.80004883 0.0 0.0 0.0 1.0 
Seq_Frame0098_Timestamp = 2.16163743236
Seq_Frame0099_FrameNumber = 99
Seq_Frame0099_StylusToTrackerTransformStatus = OK
Seq_Frame0099_StylusToTrackerTransform = 0.372053146362 -0.0501555018127 -0.926855385303 127.650001526 -0.0504863411188 0.995967507362 -0.0741613581777 172.679992676 0.926837384701 0.0743855014443 0.368020653725 -1614.20996094 0.0 0.0 0.0 1.0 
Seq_Frame0099_Timestamp = 2.19665114897
Seq_Frame0100_FrameNumber = 100
Seq_Frame0100_StylusToTrackerTransformStatus = OK
Seq_Frame0100_StylusToTrackerTransform = 0.382770568132 0.00228296685964 -0.923840641975 128.369995117 -0.0449376069009 0.998859226704 -0.0161504372954 182.029998779 0.922749876976 0.0476971007884 0.382436484098 -1611.9699707 0.0 0.0 0.0 1.0 
Seq_Frame0100_Timestamp = 2.21161974406
Seq_Frame0101_FrameNumber = 101
Seq_Frame0101_StylusToTrackerTransformStatus = OK
Seq_Frame0101_StylusToTrackerTransform = 0.382770568132 0.00228296685964 -0.923840641975 128.369995117 -0.0449376069009 0.998859226704 -0.0161504372954 182.029998779 0.922749876976 0.0476971007884 0.382436484098 -1611.9699707 0.0 0.0 0.0 1.0 
Seq_Frame0101_Timestamp = 2.2266031387
Seq_Frame0102_FrameNumber = 102
Seq_Frame0102_StylusToTrackerTransformStatus = OK
Seq_Frame0102_StylusToTrackerTransform = 0.379245370626 0.0658236294985 -0.922951877117 128.429992676 -0.0431307815015 0.997639834881 0.0534276217222 193.100006104 0.92429035902 0.0195454563946 0.381189316511 -1612.19995117 0.0 0.0 0.0 1.0 
Seq_Frame0102_Timestamp = 2.26162027059
Seq_Frame0103_FrameNumber = 103
Seq_Frame0103_StylusToTrackerTransformStatus = OK
Seq_Frame0103_StylusToTrackerTransform = 0.379245370626 0.0658236294985 -0.922951877117 128.429992676 -0.0431307815015 0.997639834881 0.0534276217222 193.100006104 0.92429035902 0.0195454563946 0.381189316511 -1612.19995117 0.0 0.0 0.0 1.0 
Seq_Frame0103_Timestamp = 2.28161558596
Seq_Frame0104_FrameNumber = 104
Seq_Frame0104_StylusToTrackerTransformStatus = OK
Seq_Frame0104_StylusToTrackerTransform = 0.362785041332 0.133329600096 -0.922285318375 128.190002441 -0.0497432984412 0.991071224213 0.123706839979 204.199996948 0.930544257164 0.000998523784801 0.366178065538 -1614.54003906 0.0 0.0 0.0 1.0 
Seq_Frame0104_Timestamp = 2.29668692401
Seq_Frame0105_FrameNumber = 105
Seq_Frame0105_StylusToTrackerTransformStatus = OK
Seq_Frame0105_StylusToTrackerTransform = 0.362785041332 0.133329600096 -0.922285318375 128.190002441 -0.0497432984412 0.991071224213 0.123706839979 204.199996948 0.930544257164 0.000998523784801 0.366178065538 -1614.54003906 0.0 0.0 0.0 1.0 
Seq_Frame0105_Timestamp = 2.32665883619
Seq_Frame0106_FrameNumber = 106
Seq_Frame0106_StylusToTrackerTransformStatus = OK
Seq_Frame0106_StylusToTrackerTransform = 0.331382662058 0.191296055913 -0.923900067806 127.330001831 -0.049532443285 0.981406986713 0.185436829925 213.960006714 0.942195355892 -0.0156875178218 0.334696620703 -1619.47998047 0.0 0.0 0.0 1.0 
Seq_Frame0106_Timestamp = 2.34673611825
Seq_Frame0107_FrameNumber = 107
Seq_Frame0107_StylusToTrackerTransformStatus = OK
Seq_Frame0107_StylusToTrackerTransform = 0.331382662058 0.191296055913 -0.923900067806 127.330001831 -0.049532443285 0.981406986713 0.185436829925 213.960006714 0.942195355892 -0.0156875178218 0.334696620703 -1619.47998047 0.0 0.0 0.0 1.0 
Seq_Frame0107_Timestamp = 2.36162559273
Seq_Frame0108_FrameNumber = 108
Seq_Frame0108_StylusToTrackerTransformStatus = OK
