ObjectType = Image
NDims = 3
BinaryData = True
BinaryDataByteOrderMSB = False
CompressedData = False
TransformMatrix = 1 0 0 0 1 0 0 0 1
Offset = 0 0 0
CenterOfRotation = 0 0 0
AnatomicalOrientation = RAI
ElementSpacing = 1 1 1
CustomFieldNames = DefaultFrameTransformName UltrasoundImageOrientation
CustomFrameFieldNames = StylusToTrackerTransform Timestamp FrameNumber StylusToTrackerTransformStatus
DefaultFrameTransformName = StylusToTrackerTransform
Seq_Frame0000_FrameNumber = 0
Seq_Frame0000_StylusToTrackerTransformStatus = OK
Seq_Frame0000_StylusToTrackerTransform = 0.139037966728 0.0353779233992 -0.989654898643 113.440002441 -0.143069460988 0.989594757557 0.0152757503092 192.759994507 0.979897737503 0.139465481043 0.142652735114 -1646.18005371 0.0 0.0 0.0 1.0 
Seq_Frame0000_Timestamp = 1.73609974468e-05
Seq_Frame0001_FrameNumber = 1
Seq_Frame0001_StylusToTrackerTransformStatus = OK
Seq_Frame0001_StylusToTrackerTransform = 0.139037966728 0.0353779233992 -0.989654898643 113.440002441 -0.143069460988 0.989594757557 0.0152757503092 192.759994507 0.979897737503 0.139465481043 0.142652735114 -1646.18005371 0.0 0.0 0.0 1.0 
Seq_Frame0001_Timestamp = 0.0270865713254
Seq_Frame0002_FrameNumber = 2
Seq_Frame0002_StylusToTrackerTransformStatus = OK
Seq_Frame0002_StylusToTrackerTransform = 0.140044823289 0.0363886505365 -0.989476263523 113.480003357 -0.146343871951 0.989109754562 0.0156624969095 192.830001831 0.979270577431 0.142610341311 0.143844947219 -1646.25 0.0 0.0 0.0 1.0 
Seq_Frame0002_Timestamp = 0.0521225527041
Seq_Frame0003_FrameNumber = 3
Seq_Frame0003_StylusToTrackerTransformStatus = OK
Seq_Frame0003_StylusToTrackerTransform = 0.140044823289 0.0363886505365 -0.989476263523 113.480003357 -0.146343871951 0.989109754562 0.0156624969095 192.830001831 0.979270577431 0.142610341311 0.143844947219 -1646.25 0.0 0.0 0.0 1.0 
Seq_Frame0003_Timestamp = 0.0819333775991
Seq_Frame0004_FrameNumber = 4
Seq_Frame0004_StylusToTrackerTransformStatus = OK
Seq_Frame0004_StylusToTrackerTransform = 0.139370456338 0.0364623889327 -0.989568769932 113.480003357 -0.144123896956 0.989427685738 0.0161588415504 192.929992676 0.97969597578 0.140368431807 0.143152087927 -1646.31005859 0.0 0.0 0.0 1.0 
Seq_Frame0004_Timestamp = 0.0968922960716
Seq_Frame0005_FrameNumber = 5
Seq_Frame0005_StylusToTrackerTransformStatus = OK
Seq_Frame0005_StylusToTrackerTransform = 0.139370456338 0.0364623889327 -0.989568769932 113.480003357 -0.144123896956 0.989427685738 0.0161588415504 192.929992676 0.97969597578 0.140368431807 0.143152087927 -1646.31005859 0.0 0.0 0.0 1.0 
Seq_Frame0005_Timestamp = 0.13194301153
Seq_Frame0006_FrameNumber = 6
Seq_Frame0006_StylusToTrackerTransformStatus = OK
Seq_Frame0006_StylusToTrackerTransform = 0.140432372689 0.0353169254959 -0.989460170269 113.519996643 -0.144744515419 0.989358842373 0.0147699704394 192.679992676 0.97945278883 0.141144752502 0.144049942493 -1646.25 0.0 0.0 0.0 1.0 
Seq_Frame0006_Timestamp = 0.161920331236
Seq_Frame0007_FrameNumber = 7
Seq_Frame0007_StylusToTrackerTransformStatus = OK
Seq_Frame0007_StylusToTrackerTransform = 0.140432372689 0.0353169254959 -0.989460170269 113.519996643 -0.144744515419 0.989358842373 0.0147699704394 192.679992676 0.97945278883 0.141144752502 0.144049942493 -1646.25 0.0 0.0 0.0 1.0 
Seq_Frame0007_Timestamp = 0.181969152638
Seq_Frame0008_FrameNumber = 8
Seq_Frame0008_StylusToTrackerTransformStatus = OK
Seq_Frame0008_StylusToTrackerTransform = 0.141928955913 0.0340087413788 -0.989292442799 113.550003052 -0.144648000598 0.989394307137 0.0132603002712 192.460006714 0.97925132513 0.141217157245 0.145343005657 -1646.11999512 0.0 0.0 0.0 1.0 
Seq_Frame0008_Timestamp = 0.196921240554
Seq_Frame0009_FrameNumber = 9
Seq_Frame0009_StylusToTrackerTransformStatus = OK
Seq_Frame0009_StylusToTrackerTransform = 0.143018558621 0.0325634740293 -0.989184141159 113.61000061 -0.144966691732 0.989368438721 0.0116099165753 192.210006714 0.979045629501 0.141738310456 0.146218672395 -1646.01000977 0.0 0.0 0.0 1.0 
Seq_Frame0009_Timestamp = 0.246954781432
Seq_Frame0010_FrameNumber = 10
Seq_Frame0010_StylusToTrackerTransformStatus = OK
Seq_Frame0010_StylusToTrackerTransform = 0.143018558621 0.0325634740293 -0.989184141159 113.61000061 -0.144966691732 0.989368438721 0.0116099165753 192.210006714 0.979045629501 0.141738310456 0.146218672395 -1646.01000977 0.0 0.0 0.0 1.0 
Seq_Frame0010_Timestamp = 0.276936370237
Seq_Frame0011_FrameNumber = 11
Seq_Frame0011_StylusToTrackerTransformStatus = OK
Seq_Frame0011_StylusToTrackerTransform = 0.144485518336 0.0315331146121 -0.98900437355 113.680000305 -0.146705716848 0.98912858963 0.0101045574993 191.940002441 0.97857105732 0.143632635474 0.147540837526 -1645.70996094 0.0 0.0 0.0 1.0 
Seq_Frame0011_Timestamp = 0.296935954711
Seq_Frame0012_FrameNumber = 12
Seq_Frame0012_StylusToTrackerTransformStatus = OK
Seq_Frame0012_StylusToTrackerTransform = 0.144485518336 0.0315331146121 -0.98900437355 113.680000305 -0.146705716848 0.98912858963 0.0101045574993 191.940002441 0.97857105732 0.143632635474 0.147540837526 -1645.70996094 0.0 0.0 0.0 1.0 
Seq_Frame0012_Timestamp = 0.331924910555
Seq_Frame0013_FrameNumber = 13
Seq_Frame0013_StylusToTrackerTransformStatus = OK
Seq_Frame0013_StylusToTrackerTransform = 0.144610971212 0.0299801435322 -0.989034295082 113.769996643 -0.144635051489 0.989445507526 0.00884489621967 191.729995728 0.978860735893 0.141769960523 0.147420853376 -1645.65002441 0.0 0.0 0.0 1.0 
Seq_Frame0013_Timestamp = 0.346962949639
Seq_Frame0014_FrameNumber = 14
Seq_Frame0014_StylusToTrackerTransformStatus = OK
Seq_Frame0014_StylusToTrackerTransform = 0.145016297698 0.0281780641526 -0.989027917385 113.730003357 -0.146460771561 0.989193737507 0.00670796539634 191.440002441 0.978529274464 0.14388102293 0.147576197982 -1645.83996582 0.0 0.0 0.0 1.0 
Seq_Frame0014_Timestamp = 0.396954937966
Seq_Frame0015_FrameNumber = 15
Seq_Frame0015_StylusToTrackerTransformStatus = OK
Seq_Frame0015_StylusToTrackerTransform = 0.145016297698 0.0281780641526 -0.989027917385 113.730003357 -0.146460771561 0.989193737507 0.00670796539634 191.440002441 0.978529274464 0.14388102293 0.147576197982 -1645.83996582 0.0 0.0 0.0 1.0 
Seq_Frame0015_Timestamp = 0.427626128358
Seq_Frame0016_FrameNumber = 16
Seq_Frame0016_StylusToTrackerTransformStatus = OK
Seq_Frame0016_StylusToTrackerTransform = 0.144483208656 0.0260554496199 -0.989164173603 113.739997864 -0.144917562604 0.989431619644 0.00489497417584 191.130004883 0.97883784771 0.142640009522 0.146732136607 -1645.90002441 0.0 0.0 0.0 1.0 
Seq_Frame0016_Timestamp = 0.446979086829
Seq_Frame0017_FrameNumber = 17
Seq_Frame0017_StylusToTrackerTransformStatus = OK
Seq_Frame0017_StylusToTrackerTransform = 0.144483208656 0.0260554496199 -0.989164173603 113.739997864 -0.144917562604 0.989431619644 0.00489497417584 191.130004883 0.97883784771 0.142640009522 0.146732136607 -1645.90002441 0.0 0.0 0.0 1.0 
Seq_Frame0017_Timestamp = 0.481980565359
Seq_Frame0018_FrameNumber = 18
Seq_Frame0018_StylusToTrackerTransformStatus = OK
Seq_Frame0018_StylusToTrackerTransform = 0.14502504468 0.0243544764817 -0.989128172398 113.760002136 -0.144226625562 0.989539444447 0.00321823055856 190.820007324 0.978859782219 0.142191901803 0.147020563483 -1645.69995117 0.0 0.0 0.0 1.0 
Seq_Frame0018_Timestamp = 0.496961113927
Seq_Frame0019_FrameNumber = 19
Seq_Frame0019_StylusToTrackerTransformStatus = OK
Seq_Frame0019_StylusToTrackerTransform = 0.14502504468 0.0243544764817 -0.989128172398 113.760002136 -0.144226625562 0.989539444447 0.00321823055856 190.820007324 0.978859782219 0.142191901803 0.147020563483 -1645.69995117 0.0 0.0 0.0 1.0 
Seq_Frame0019_Timestamp = 0.526972017203
Seq_Frame0020_FrameNumber = 20
Seq_Frame0020_StylusToTrackerTransformStatus = OK
Seq_Frame0020_StylusToTrackerTransform = 0.147027641535 0.0235787350684 -0.988851308823 113.819999695 -0.14693967998 0.989143908024 0.00173794128932 190.589996338 0.978157222271 0.14504596591 0.148896157742 -1645.52001953 0.0 0.0 0.0 1.0 
Seq_Frame0020_Timestamp = 0.561995695042
Seq_Frame0021_FrameNumber = 21
Seq_Frame0021_StylusToTrackerTransformStatus = OK
Seq_Frame0021_StylusToTrackerTransform = 0.147027641535 0.0235787350684 -0.988851308823 113.819999695 -0.14693967998 0.989143908024 0.00173794128932 190.589996338 0.978157222271 0.14504596591 0.148896157742 -1645.52001953 0.0 0.0 0.0 1.0 
Seq_Frame0021_Timestamp = 0.576917614667
Seq_Frame0022_FrameNumber = 22
Seq_Frame0022_StylusToTrackerTransformStatus = OK
Seq_Frame0022_StylusToTrackerTransform = 0.147286042571 0.0221663787961 -0.988845527172 113.849998474 -0.144747927785 0.98946839571 0.000620503036771 190.429992676 0.978445112705 0.143041938543 0.148943409324 -1645.38000488 0.0 0.0 0.0 1.0 
Seq_Frame0022_Timestamp = 0.597031610961
Seq_Frame0023_FrameNumber = 23
Seq_Frame0023_StylusToTrackerTransformStatus = OK
Seq_Frame0023_StylusToTrackerTransform = 0.146936282516 0.0193133465946 -0.98895740509 113.800003052 -0.144542992115 0.989496171474 -0.00215189042501 189.990005493 0.978528022766 0.143263056874 0.148184493184 -1645.56005859 0.0 0.0 0.0 1.0 
Seq_Frame0023_Timestamp = 0.646979485278
Seq_Frame0024_FrameNumber = 24
Seq_Frame0024_StylusToTrackerTransformStatus = OK
Seq_Frame0024_StylusToTrackerTransform = 0.146936282516 0.0193133465946 -0.98895740509 113.800003052 -0.144542992115 0.989496171474 -0.00215189042501 189.990005493 0.978528022766 0.143263056874 0.148184493184 -1645.56005859 0.0 0.0 0.0 1.0 
Seq_Frame0024_Timestamp = 0.67692037535
Seq_Frame0025_FrameNumber = 25
Seq_Frame0025_StylusToTrackerTransformStatus = OK
Seq_Frame0025_StylusToTrackerTransform = 0.145043730736 0.0143816377968 -0.9893206954 113.660003662 -0.146285638213 0.989217162132 -0.00706672016531 189.190002441 0.978551387787 0.145748391747 0.145583584905 -1645.93994141 0.0 0.0 0.0 1.0 
Seq_Frame0025_Timestamp = 0.696939597674
Seq_Frame0026_FrameNumber = 26
Seq_Frame0026_StylusToTrackerTransformStatus = OK
Seq_Frame0026_StylusToTrackerTransform = 0.145043730736 0.0143816377968 -0.9893206954 113.660003662 -0.146285638213 0.989217162132 -0.00706672016531 189.190002441 0.978551387787 0.145748391747 0.145583584905 -1645.93994141 0.0 0.0 0.0 1.0 
Seq_Frame0026_Timestamp = 0.726971846439
Seq_Frame0027_FrameNumber = 27
Seq_Frame0027_StylusToTrackerTransformStatus = OK
Seq_Frame0027_StylusToTrackerTransform = 0.141595646739 0.00960947852582 -0.989877939224 113.459999084 -0.144167378545 0.989491999149 -0.0110164806247 188.61000061 0.979370415211 0.144267991185 0.14149312675 -1646.65002441 0.0 0.0 0.0 1.0 
Seq_Frame0027_Timestamp = 0.74694069341
Seq_Frame0028_FrameNumber = 28
Seq_Frame0028_StylusToTrackerTransformStatus = OK
Seq_Frame0028_StylusToTrackerTransform = 0.141595646739 0.00960947852582 -0.989877939224 113.459999084 -0.144167378545 0.989491999149 -0.0110164806247 188.61000061 0.979370415211 0.144267991185 0.14149312675 -1646.65002441 0.0 0.0 0.0 1.0 
Seq_Frame0028_Timestamp = 0.782017023454
Seq_Frame0029_FrameNumber = 29
Seq_Frame0029_StylusToTrackerTransformStatus = OK
Seq_Frame0029_StylusToTrackerTransform = 0.137022286654 0.00474255299196 -0.99055659771 113.230003357 -0.141797825694 0.989783883095 -0.0148758376017 188.0 0.980366408825 0.142497092485 0.136294931173 -1647.5300293 0.0 0.0 0.0 1.0 
Seq_Frame0029_Timestamp = 0.812016827076
Seq_Frame0030_FrameNumber = 30
Seq_Frame0030_StylusToTrackerTransformStatus = OK
Seq_Frame0030_StylusToTrackerTransform = 0.137022286654 0.00474255299196 -0.99055659771 113.230003357 -0.141797825694 0.989783883095 -0.0148758376017 188.0 0.980366408825 0.142497092485 0.136294931173 -1647.5300293 0.0 0.0 0.0 1.0 
Seq_Frame0030_Timestamp = 0.827051166275
Seq_Frame0031_FrameNumber = 31
Seq_Frame0031_StylusToTrackerTransformStatus = OK
Seq_Frame0031_StylusToTrackerTransform = 0.133285403252 -0.000262832065346 -0.991077661514 112.949996948 -0.140529379249 0.989891052246 -0.0191616564989 187.039993286 0.981063961983 0.141829490662 0.131901100278 -1648.32995605 0.0 0.0 0.0 1.0 
Seq_Frame0031_Timestamp = 0.846986429677
Seq_Frame0032_FrameNumber = 32
Seq_Frame0032_StylusToTrackerTransformStatus = OK
Seq_Frame0032_StylusToTrackerTransform = 0.131280034781 0.004103010986 -0.99133682251 112.529998779 -0.138473823667 0.990263700485 -0.0142391417176 185.720001221 0.98162651062 0.139143526554 0.130570009351 -1649.2800293 0.0 0.0 0.0 1.0 
Seq_Frame0032_Timestamp = 0.896962764645
Seq_Frame0033_FrameNumber = 33
Seq_Frame0033_StylusToTrackerTransformStatus = OK
Seq_Frame0033_StylusToTrackerTransform = 0.131280034781 0.004103010986 -0.99133682251 112.529998779 -0.138473823667 0.990263700485 -0.0142391417176 185.720001221 0.98162651062 0.139143526554 0.130570009351 -1649.2800293 0.0 0.0 0.0 1.0 
Seq_Frame0033_Timestamp = 0.931983311812
Seq_Frame0034_FrameNumber = 34
Seq_Frame0034_StylusToTrackerTransformStatus = OK
Seq_Frame0034_StylusToTrackerTransform = 0.128492861986 -0.00019203206466 -0.991710424423 112.230003357 -0.140465691686 0.98991471529 -0.0183913912624 183.460006714 0.981712281704 0.141664460301 0.1271699965 -1650.20996094 0.0 0.0 0.0 1.0 
Seq_Frame0034_Timestamp = 0.962007022381
Seq_Frame0035_FrameNumber = 35
Seq_Frame0035_StylusToTrackerTransformStatus = OK
Seq_Frame0035_StylusToTrackerTransform = 0.128492861986 -0.00019203206466 -0.991710424423 112.230003357 -0.140465691686 0.98991471529 -0.0183913912624 183.460006714 0.981712281704 0.141664460301 0.1271699965 -1650.20996094 0.0 0.0 0.0 1.0 
Seq_Frame0035_Timestamp = 0.97720472572
Seq_Frame0036_FrameNumber = 36
Seq_Frame0036_StylusToTrackerTransformStatus = OK
Seq_Frame0036_StylusToTrackerTransform = 0.126965269446 -0.000289888004772 -0.991907119751 111.809997559 -0.142856776714 0.989569067955 -0.0185750368983 180.449996948 0.981565952301 0.144059032202 0.125599488616 -1651.30004883 0.0 0.0 0.0 1.0 
Seq_Frame0036_Timestamp = 0.996972925098
Seq_Frame0037_FrameNumber = 37
Seq_Frame0037_StylusToTrackerTransformStatus = OK
Seq_Frame0037_StylusToTrackerTransform = 0.126965269446 -0.000289888004772 -0.991907119751 111.809997559 -0.142856776714 0.989569067955 -0.0185750368983 180.449996948 0.981565952301 0.144059032202 0.125599488616 -1651.30004883 0.0 0.0 0.0 1.0 
Seq_Frame0037_Timestamp = 1.03195846566
Seq_Frame0038_FrameNumber = 38
Seq_Frame0038_StylusToTrackerTransformStatus = OK
Seq_Frame0038_StylusToTrackerTransform = 0.128996729851 0.00107427744661 -0.991644442081 111.150001526 -0.148482397199 0.988746762276 -0.0182439945638 177.240005493 0.980465590954 0.149595156312 0.127704620361 -1652.67004395 0.0 0.0 0.0 1.0 
Seq_Frame0038_Timestamp = 1.04697060555
Seq_Frame0039_FrameNumber = 39
Seq_Frame0039_StylusToTrackerTransformStatus = OK
Seq_Frame0039_StylusToTrackerTransform = 0.128996729851 0.00107427744661 -0.991644442081 111.150001526 -0.148482397199 0.988746762276 -0.0182439945638 177.240005493 0.980465590954 0.149595156312 0.127704620361 -1652.67004395 0.0 0.0 0.0 1.0 
Seq_Frame0039_Timestamp = 1.07698065501
Seq_Frame0040_FrameNumber = 40
Seq_Frame0040_StylusToTrackerTransformStatus = OK
Seq_Frame0040_StylusToTrackerTransform = 0.132455676794 0.00399736361578 -0.991180896759 110.319999695 -0.152388766408 0.988184869289 -0.0163790732622 174.0 0.979404509068 0.153214335442 0.13149985671 -1654.47998047 0.0 0.0 0.0 1.0 
Seq_Frame0040_Timestamp = 1.11198184893
Seq_Frame0041_FrameNumber = 41
Seq_Frame0041_StylusToTrackerTransformStatus = OK
Seq_Frame0041_StylusToTrackerTransform = 0.132455676794 0.00399736361578 -0.991180896759 110.319999695 -0.152388766408 0.988184869289 -0.0163790732622 174.0 0.979404509068 0.153214335442 0.13149985671 -1654.47998047 0.0 0.0 0.0 1.0 
Seq_Frame0041_Timestamp = 1.12702529554
Seq_Frame0042_FrameNumber = 42
Seq_Frame0042_StylusToTrackerTransformStatus = OK
Seq_Frame0042_StylusToTrackerTransform = 0.138545081019 0.00726184668019 -0.990329504013 109.300003052 -0.151976391673 0.988284766674 -0.0140143353492 170.779998779 0.978625774384 0.152448326349 0.13802562654 -1656.68994141 0.0 0.0 0.0 1.0 
Seq_Frame0042_Timestamp = 1.14713559195
Seq_Frame0043_FrameNumber = 43
Seq_Frame0043_StylusToTrackerTransformStatus = OK
Seq_Frame0043_StylusToTrackerTransform = 0.140586182475 0.00815737619996 -0.990034818649 108.230003357 -0.152427881956 0.988222360611 -0.0135025065392 167.210006714 0.978264391422 0.152807176113 0.140173822641 -1659.0300293 0.0 0.0 0.0 1.0 
Seq_Frame0043_Timestamp = 1.19698812309
Seq_Frame0044_FrameNumber = 44
Seq_Frame0044_StylusToTrackerTransformStatus = OK
Seq_Frame0044_StylusToTrackerTransform = 0.140586182475 0.00815737619996 -0.990034818649 108.230003357 -0.152427881956 0.988222360611 -0.0135025065392 167.210006714 0.978264391422 0.152807176113 0.140173822641 -1659.0300293 0.0 0.0 0.0 1.0 
Seq_Frame0044_Timestamp = 1.21198176355
Seq_Frame0045_FrameNumber = 45
Seq_Frame0045_StylusToTrackerTransformStatus = OK
Seq_Frame0045_StylusToTrackerTransform = 0.140586182475 0.00815737619996 -0.990034818649 108.230003357 -0.152427881956 0.988222360611 -0.0135025065392 167.210006714 0.978264391422 0.152807176113 0.140173822641 -1659.0300293 0.0 0.0 0.0 1.0 
Seq_Frame0045_Timestamp = 1.22701467972
Seq_Frame0046_FrameNumber = 46
Seq_Frame0046_StylusToTrackerTransformStatus = OK
Seq_Frame0046_StylusToTrackerTransform = 0.142460763454 0.00942574627697 -0.989755570889 106.919998169 -0.154302671552 0.98794066906 -0.0128011368215 163.529998779 0.977699160576 0.154545590281 0.142197191715 -1662.31005859 0.0 0.0 0.0 1.0 
Seq_Frame0046_Timestamp = 1.26207734865
Seq_Frame0047_FrameNumber = 47
Seq_Frame0047_StylusToTrackerTransformStatus = OK
Seq_Frame0047_StylusToTrackerTransform = 0.142460763454 0.00942574627697 -0.989755570889 106.919998169 -0.154302671552 0.98794066906 -0.0128011368215 163.529998779 0.977699160576 0.154545590281 0.142197191715 -1662.31005859 0.0 0.0 0.0 1.0 
Seq_Frame0047_Timestamp = 1.28198187455
Seq_Frame0048_FrameNumber = 48
Seq_Frame0048_StylusToTrackerTransformStatus = OK
Seq_Frame0048_StylusToTrackerTransform = 0.141715869308 0.00821527000517 -0.989873290062 105.430000305 -0.15395411849 0.987981021404 -0.0138413785025 159.679992676 0.977862358093 0.154356613755 0.141277372837 -1666.07995605 0.0 0.0 0.0 1.0 
Seq_Frame0048_Timestamp = 1.2970273134
Seq_Frame0049_FrameNumber = 49
Seq_Frame0049_StylusToTrackerTransformStatus = OK
Seq_Frame0049_StylusToTrackerTransform = 0.141715869308 0.00821527000517 -0.989873290062 105.430000305 -0.15395411849 0.987981021404 -0.0138413785025 159.679992676 0.977862358093 0.154356613755 0.141277372837 -1666.07995605 0.0 0.0 0.0 1.0 
Seq_Frame0049_Timestamp = 1.32702284793
Seq_Frame0050_FrameNumber = 50
Seq_Frame0050_StylusToTrackerTransformStatus = OK
Seq_Frame0050_StylusToTrackerTransform = 0.141629308462 0.00926957279444 -0.989876389503 103.800003052 -0.154997363687 0.987830340862 -0.0129262655973 155.429992676 0.977710068226 0.155258968472 0.14134247601 -1670.17004395 0.0 0.0 0.0 1.0 
Seq_Frame0050_Timestamp = 1.34697917221
Seq_Frame0051_FrameNumber = 51
Seq_Frame0051_StylusToTrackerTransformStatus = OK
Seq_Frame0051_StylusToTrackerTransform = 0.141629308462 0.00926957279444 -0.989876389503 103.800003052 -0.154997363687 0.987830340862 -0.0129262655973 155.429992676 0.977710068226 0.155258968472 0.14134247601 -1670.17004395 0.0 0.0 0.0 1.0 
Seq_Frame0051_Timestamp = 1.36206758665
Seq_Frame0052_FrameNumber = 52
Seq_Frame0052_StylusToTrackerTransformStatus = OK
Seq_Frame0052_StylusToTrackerTransform = 0.141629308462 0.00926957279444 -0.989876389503 103.800003052 -0.154997363687 0.987830340862 -0.0129262655973 155.429992676 0.977710068226 0.155258968472 0.14134247601 -1670.17004395 0.0 0.0 0.0 1.0 
Seq_Frame0052_Timestamp = 1.38199687331
Seq_Frame0053_FrameNumber = 53
Seq_Frame0053_StylusToTrackerTransformStatus = OK
Seq_Frame0053_StylusToTrackerTransform = 0.140967488289 0.00879248417914 -0.9899751544 102.160003662 -0.156921252608 0.98751783371 -0.0135741392151 151.169998169 0.97749876976 0.157261654735 0.140587642789 -1674.32995605 0.0 0.0 0.0 1.0 
Seq_Frame0053_Timestamp = 1.41218366342
Seq_Frame0054_FrameNumber = 54
Seq_Frame0054_StylusToTrackerTransformStatus = OK
Seq_Frame0054_StylusToTrackerTransform = 0.140967488289 0.00879248417914 -0.9899751544 102.160003662 -0.156921252608 0.98751783371 -0.0135741392151 151.169998169 0.97749876976 0.157261654735 0.140587642789 -1674.32995605 0.0 0.0 0.0 1.0 
Seq_Frame0054_Timestamp = 1.42715709682
Seq_Frame0055_FrameNumber = 55
Seq_Frame0055_StylusToTrackerTransformStatus = OK
Seq_Frame0055_StylusToTrackerTransform = 0.143260776997 0.00646921014413 -0.98966383934 100.480003357 -0.157277658582 0.98741966486 -0.0163125041872 147.119995117 0.977108001709 0.157988965511 0.142475962639 -1678.57995605 0.0 0.0 0.0 1.0 
Seq_Frame0055_Timestamp = 1.44702889297
Seq_Frame0056_FrameNumber = 56
Seq_Frame0056_StylusToTrackerTransformStatus = OK
Seq_Frame0056_StylusToTrackerTransform = 0.143260776997 0.00646921014413 -0.98966383934 100.480003357 -0.157277658582 0.98741966486 -0.0163125041872 147.119995117 0.977108001709 0.157988965511 0.142475962639 -1678.57995605 0.0 0.0 0.0 1.0 
Seq_Frame0056_Timestamp = 1.47701105099
Seq_Frame0057_FrameNumber = 57
Seq_Frame0057_StylusToTrackerTransformStatus = OK
Seq_Frame0057_StylusToTrackerTransform = 0.142287909985 0.00463227182627 -0.989814460278 98.8899993896 -0.15633815527 0.987542212009 -0.017852300778 143.880004883 0.977400898933 0.157285943627 0.141239523888 -1682.85998535 0.0 0.0 0.0 1.0 
Seq_Frame0057_Timestamp = 1.49698815155
Seq_Frame0058_FrameNumber = 58
Seq_Frame0058_StylusToTrackerTransformStatus = OK
Seq_Frame0058_StylusToTrackerTransform = 0.142287909985 0.00463227182627 -0.989814460278 98.8899993896 -0.15633815527 0.987542212009 -0.017852300778 143.880004883 0.977400898933 0.157285943627 0.141239523888 -1682.85998535 0.0 0.0 0.0 1.0 
Seq_Frame0058_Timestamp = 1.51199488391
Seq_Frame0059_FrameNumber = 59
Seq_Frame0059_StylusToTrackerTransformStatus = OK
Seq_Frame0059_StylusToTrackerTransform = 0.142287909985 0.00463227182627 -0.989814460278 98.8899993896 -0.15633815527 0.987542212009 -0.017852300778 143.880004883 0.977400898933 0.157285943627 0.141239523888 -1682.85998535 0.0 0.0 0.0 1.0 
Seq_Frame0059_Timestamp = 1.52700503156
Seq_Frame0060_FrameNumber = 60
Seq_Frame0060_StylusToTrackerTransformStatus = OK
Seq_Frame0060_StylusToTrackerTransform = 0.135469436646 0.00323130330071 -0.990776240826 97.6100006104 -0.152153074741 0.988200545311 -0.0175810791552 141.13999939 0.979028820992 0.153131350875 0.134362623096 -1686.55004883 0.0 0.0 0.0 1.0 
Seq_Frame0060_Timestamp = 1.56201533289
Seq_Frame0061_FrameNumber = 61
Seq_Frame0061_StylusToTrackerTransformStatus = OK
Seq_Frame0061_StylusToTrackerTransform = 0.135469436646 0.00323130330071 -0.990776240826 97.6100006104 -0.152153074741 0.988200545311 -0.0175810791552 141.13999939 0.979028820992 0.153131350875 0.134362623096 -1686.55004883 0.0 0.0 0.0 1.0 
Seq_Frame0061_Timestamp = 1.57700413505
Seq_Frame0062_FrameNumber = 62
Seq_Frame0062_StylusToTrackerTransformStatus = OK
Seq_Frame0062_StylusToTrackerTransform = 0.127247020602 0.0021407508757 -0.99186873436 96.5299987793 -0.151790454984 0.988260567188 -0.0173402614892 139.449996948 0.980187654495 0.152762711048 0.126078158617 -1689.7800293 0.0 0.0 0.0 1.0 
Seq_Frame0062_Timestamp = 1.59704726432
Seq_Frame0063_FrameNumber = 63
Seq_Frame0063_StylusToTrackerTransformStatus = OK
Seq_Frame0063_StylusToTrackerTransform = 0.127247020602 0.0021407508757 -0.99186873436 96.5299987793 -0.151790454984 0.988260567188 -0.0173402614892 139.449996948 0.980187654495 0.152762711048 0.126078158617 -1689.7800293 0.0 0.0 0.0 1.0 
Seq_Frame0063_Timestamp = 1.62704279884
Seq_Frame0064_FrameNumber = 64
Seq_Frame0064_StylusToTrackerTransformStatus = OK
Seq_Frame0064_StylusToTrackerTransform = 0.116020925343 -0.000956448726356 -0.99324631691 95.9800033569 -0.145194530487 0.989240944386 -0.0179127398878 139.009994507 0.982577085495 0.146292194724 0.114633783698 -1691.88000488 0.0 0.0 0.0 1.0 
Seq_Frame0064_Timestamp = 1.64701591491
Seq_Frame0065_FrameNumber = 65
Seq_Frame0065_StylusToTrackerTransformStatus = OK
Seq_Frame0065_StylusToTrackerTransform = 0.116020925343 -0.000956448726356 -0.99324631691 95.9800033569 -0.145194530487 0.989240944386 -0.0179127398878 139.009994507 0.982577085495 0.146292194724 0.114633783698 -1691.88000488 0.0 0.0 0.0 1.0 
Seq_Frame0065_Timestamp = 1.662019232
Seq_Frame0066_FrameNumber = 66
Seq_Frame0066_StylusToTrackerTransformStatus = OK
Seq_Frame0066_StylusToTrackerTransform = 0.110316962004 -0.000347068300471 -0.99389642477 95.7699966431 -0.140977367759 0.989883601665 -0.0159933697432 139.369995117 0.98384732008 0.141881242394 0.109152026474 -1692.70996094 0.0 0.0 0.0 1.0 
Seq_Frame0066_Timestamp = 1.69201192046
Seq_Frame0067_FrameNumber = 67
Seq_Frame0067_StylusToTrackerTransformStatus = OK
Seq_Frame0067_StylusToTrackerTransform = 0.110316962004 -0.000347068300471 -0.99389642477 95.7699966431 -0.140977367759 0.989883601665 -0.0159933697432 139.369995117 0.98384732008 0.141881242394 0.109152026474 -1692.70996094 0.0 0.0 0.0 1.0 
Seq_Frame0067_Timestamp = 1.71201520482
Seq_Frame0068_FrameNumber = 68
Seq_Frame0068_StylusToTrackerTransformStatus = OK
Seq_Frame0068_StylusToTrackerTransform = 0.110316962004 -0.000347068300471 -0.99389642477 95.7699966431 -0.140977367759 0.989883601665 -0.0159933697432 139.369995117 0.98384732008 0.141881242394 0.109152026474 -1692.70996094 0.0 0.0 0.0 1.0 
Seq_Frame0068_Timestamp = 1.72701140674
Seq_Frame0069_FrameNumber = 69
Seq_Frame0069_StylusToTrackerTransformStatus = OK
Seq_Frame0069_StylusToTrackerTransform = 0.111818477511 0.00229305378161 -0.993726015091 95.9100036621 -0.140821889043 0.989942073822 -0.0135615849867 140.130004883 0.983700096607 0.141454815865 0.111016727984 -1692.02001953 0.0 0.0 0.0 1.0 
Seq_Frame0069_Timestamp = 1.76207179882
Seq_Frame0070_FrameNumber = 70
Seq_Frame0070_StylusToTrackerTransformStatus = OK
Seq_Frame0070_StylusToTrackerTransform = 0.111818477511 0.00229305378161 -0.993726015091 95.9100036621 -0.140821889043 0.989942073822 -0.0135615849867 140.130004883 0.983700096607 0.141454815865 0.111016727984 -1692.02001953 0.0 0.0 0.0 1.0 
Seq_Frame0070_Timestamp = 1.77699770294
Seq_Frame0071_FrameNumber = 71
Seq_Frame0071_StylusToTrackerTransformStatus = OK
Seq_Frame0071_StylusToTrackerTransform = 0.111312478781 0.00166060891934 -0.993784070015 96.8300018311 -0.145260795951 0.989285409451 -0.0146173834801 140.690002441 0.983111798763 0.145984962583 0.110361032188 -1689.68994141 0.0 0.0 0.0 1.0 
Seq_Frame0071_Timestamp = 1.79201012744
Seq_Frame0072_FrameNumber = 72
Seq_Frame0072_StylusToTrackerTransformStatus = OK
Seq_Frame0072_StylusToTrackerTransform = 0.111312478781 0.00166060891934 -0.993784070015 96.8300018311 -0.145260795951 0.989285409451 -0.0146173834801 140.690002441 0.983111798763 0.145984962583 0.110361032188 -1689.68994141 0.0 0.0 0.0 1.0 
Seq_Frame0072_Timestamp = 1.83200730414
Seq_Frame0073_FrameNumber = 73
Seq_Frame0073_StylusToTrackerTransformStatus = OK
Seq_Frame0073_StylusToTrackerTransform = 0.112105637789 0.00266841007397 -0.993692696095 98.1299972534 -0.152007997036 0.988272964954 -0.0144952619448 141.300003052 0.982000946999 0.152674242854 0.11119659245 -1686.0300293 0.0 0.0 0.0 1.0 
Seq_Frame0073_Timestamp = 1.84700066
Seq_Frame0074_FrameNumber = 74
Seq_Frame0074_StylusToTrackerTransformStatus = OK
Seq_Frame0074_StylusToTrackerTransform = 0.112105637789 0.00266841007397 -0.993692696095 98.1299972534 -0.152007997036 0.988272964954 -0.0144952619448 141.300003052 0.982000946999 0.152674242854 0.11119659245 -1686.0300293 0.0 0.0 0.0 1.0 
Seq_Frame0074_Timestamp = 1.86208423613
Seq_Frame0075_FrameNumber = 75
Seq_Frame0075_StylusToTrackerTransformStatus = OK
Seq_Frame0075_StylusToTrackerTransform = 0.112105637789 0.00266841007397 -0.993692696095 98.1299972534 -0.152007997036 0.988272964954 -0.0144952619448 141.300003052 0.982000946999 0.152674242854 0.11119659245 -1686.0300293 0.0 0.0 0.0 1.0 
Seq_Frame0075_Timestamp = 1.87704827752
Seq_Frame0076_FrameNumber = 76
Seq_Frame0076_StylusToTrackerTransformStatus = OK
Seq_Frame0076_StylusToTrackerTransform = 0.113752670586 0.00163834542036 -0.993507742882 99.9300003052 -0.156391620636 0.987560987473 -0.0162776783109 142.13999939 0.981122791767 0.157227918506 0.112593926489 -1681.38000488 0.0 0.0 0.0 1.0 
Seq_Frame0076_Timestamp = 1.91202101079
Seq_Frame0077_FrameNumber = 77
Seq_Frame0077_StylusToTrackerTransformStatus = OK
Seq_Frame0077_StylusToTrackerTransform = 0.113752670586 0.00163834542036 -0.993507742882 99.9300003052 -0.156391620636 0.987560987473 -0.0162776783109 142.13999939 0.981122791767 0.157227918506 0.112593926489 -1681.38000488 0.0 0.0 0.0 1.0 
Seq_Frame0077_Timestamp = 1.93201661077
Seq_Frame0078_FrameNumber = 78
Seq_Frame0078_StylusToTrackerTransformStatus = OK
Seq_Frame0078_StylusToTrackerTransform = 0.112150594592 0.00427267560735 -0.993682026863 102.209999084 -0.165194198489 0.986155867577 -0.0144041087478 143.080001831 0.97986382246 0.165765941143 0.111303791404 -1675.70996094 0.0 0.0 0.0 1.0 
Seq_Frame0078_Timestamp = 1.94707087243
Seq_Frame0079_FrameNumber = 79
Seq_Frame0079_StylusToTrackerTransformStatus = OK
Seq_Frame0079_StylusToTrackerTransform = 0.112150594592 0.00427267560735 -0.993682026863 102.209999084 -0.165194198489 0.986155867577 -0.0144041087478 143.080001831 0.97986382246 0.165765941143 0.111303791404 -1675.70996094 0.0 0.0 0.0 1.0 
Seq_Frame0079_Timestamp = 1.97701802385
Seq_Frame0080_FrameNumber = 80
Seq_Frame0080_StylusToTrackerTransformStatus = OK
Seq_Frame0080_StylusToTrackerTransform = 0.110666751862 0.00523519981652 -0.993843793869 104.75 -0.169442996383 0.985445082188 -0.0136769022793 144.520004272 0.979306876659 0.169913440943 0.109943076968 -1669.48999023 0.0 0.0 0.0 1.0 
Seq_Frame0080_Timestamp = 1.99700394721
Seq_Frame0081_FrameNumber = 81
Seq_Frame0081_StylusToTrackerTransformStatus = OK
Seq_Frame0081_StylusToTrackerTransform = 0.110666751862 0.00523519981652 -0.993843793869 104.75 -0.169442996383 0.985445082188 -0.0136769022793 144.520004272 0.979306876659 0.169913440943 0.109943076968 -1669.48999023 0.0 0.0 0.0 1.0 
Seq_Frame0081_Timestamp = 2.0070235196
Seq_Frame0082_FrameNumber = 82
Seq_Frame0082_StylusToTrackerTransformStatus = OK
Seq_Frame0082_StylusToTrackerTransform = 0.111128762364 0.0032679643482 -0.993800640106 107.309997559 -0.171423852444 0.985068559647 -0.0159297063947 146.559997559 0.978909730911 0.17213138938 0.110029652715 -1663.0300293 0.0 0.0 0.0 1.0 
Seq_Frame0082_Timestamp = 2.04702240394
Seq_Frame0083_FrameNumber = 83
Seq_Frame0083_StylusToTrackerTransformStatus = OK
Seq_Frame0083_StylusToTrackerTransform = 0.111128762364 0.0032679643482 -0.993800640106 107.309997559 -0.171423852444 0.985068559647 -0.0159297063947 146.559997559 0.978909730911 0.17213138938 0.110029652715 -1663.0300293 0.0 0.0 0.0 1.0 
Seq_Frame0083_Timestamp = 2.06208008087
Seq_Frame0084_FrameNumber = 84
Seq_Frame0084_StylusToTrackerTransformStatus = OK
Seq_Frame0084_StylusToTrackerTransform = 0.111128762364 0.0032679643482 -0.993800640106 107.309997559 -0.171423852444 0.985068559647 -0.0159297063947 146.559997559 0.978909730911 0.17213138938 0.110029652715 -1663.0300293 0.0 0.0 0.0 1.0 
Seq_Frame0084_Timestamp = 2.07703046115
Seq_Frame0085_FrameNumber = 85
Seq_Frame0085_StylusToTrackerTransformStatus = OK
Seq_Frame0085_StylusToTrackerTransform = 0.112501725554 0.00225869123824 -0.993648946285 109.919998169 -0.176349595189 0.984167933464 -0.0177293010056 148.789993286 0.977877378464 0.177224159241 0.111118905246 -1656.41003418 0.0 0.0 0.0 1.0 
Seq_Frame0085_Timestamp = 2.11203791642
Seq_Frame0086_FrameNumber = 86
Seq_Frame0086_StylusToTrackerTransformStatus = OK
Seq_Frame0086_StylusToTrackerTransform = 0.112501725554 0.00225869123824 -0.993648946285 109.919998169 -0.176349595189 0.984167933464 -0.0177293010056 148.789993286 0.977877378464 0.177224159241 0.111118905246 -1656.41003418 0.0 0.0 0.0 1.0 
Seq_Frame0086_Timestamp = 2.12704322575
Seq_Frame0087_FrameNumber = 87
Seq_Frame0087_StylusToTrackerTransformStatus = OK
Seq_Frame0087_StylusToTrackerTransform = 0.113156870008 0.00313822133467 -0.993572175503 112.589996338 -0.183203741908 0.982914507389 -0.0177603177726 151.179992676 0.976540803909 0.18403583765 0.111798457801 -1649.81005859 0.0 0.0 0.0 1.0 
Seq_Frame0087_Timestamp = 2.14701804946
Seq_Frame0088_FrameNumber = 88
Seq_Frame0088_StylusToTrackerTransformStatus = OK
Seq_Frame0088_StylusToTrackerTransform = 0.113156870008 0.00313822133467 -0.993572175503 112.589996338 -0.183203741908 0.982914507389 -0.0177603177726 151.179992676 0.976540803909 0.18403583765 0.111798457801 -1649.81005859 0.0 0.0 0.0 1.0 
Seq_Frame0088_Timestamp = 2.17704403688
Seq_Frame0089_FrameNumber = 89
Seq_Frame0089_StylusToTrackerTransformStatus = OK
Seq_Frame0089_StylusToTrackerTransform = 0.119197137654 0.00212015397847 -0.992868363857 115.080001831 -0.185001328588 0.982532441616 -0.0201119389385 153.910003662 0.975482702255 0.186079248786 0.11750728637 -1643.18994141 0.0 0.0 0.0 1.0 
Seq_Frame0089_Timestamp = 2.19701459149
Seq_Frame0090_FrameNumber = 90
Seq_Frame0090_StylusToTrackerTransformStatus = OK
Seq_Frame0090_StylusToTrackerTransform = 0.119197137654 0.00212015397847 -0.992868363857 115.080001831 -0.185001328588 0.982532441616 -0.0201119389385 153.910003662 0.975482702255 0.186079248786 0.11750728637 -1643.18994141 0.0 0.0 0.0 1.0 
Seq_Frame0090_Timestamp = 2.21203100048
Seq_Frame0091_FrameNumber = 91
Seq_Frame0091_StylusToTrackerTransformStatus = OK
Seq_Frame0091_StylusToTrackerTransform = 0.127707839012 -0.00147304241545 -0.99181073904 117.36000061 -0.182412192225 0.982905566692 -0.0249476302415 156.830001831 0.974893093109 0.184104368091 0.125256046653 -1637.0 0.0 0.0 0.0 1.0 
Seq_Frame0091_Timestamp = 2.24202425815
Seq_Frame0092_FrameNumber = 92
Seq_Frame0092_StylusToTrackerTransformStatus = OK
Seq_Frame0092_StylusToTrackerTransform = 0.127707839012 -0.00147304241545 -0.99181073904 117.36000061 -0.182412192225 0.982905566692 -0.0249476302415 156.830001831 0.974893093109 0.184104368091 0.125256046653 -1637.0 0.0 0.0 0.0 1.0 
Seq_Frame0092_Timestamp = 2.26206567978
Seq_Frame0093_FrameNumber = 93
Seq_Frame0093_StylusToTrackerTransformStatus = OK
Seq_Frame0093_StylusToTrackerTransform = 0.127707839012 -0.00147304241545 -0.99181073904 117.36000061 -0.182412192225 0.982905566692 -0.0249476302415 156.830001831 0.974893093109 0.184104368091 0.125256046653 -1637.0 0.0 0.0 0.0 1.0 
Seq_Frame0093_Timestamp = 2.27701435242
Seq_Frame0094_FrameNumber = 94
Seq_Frame0094_StylusToTrackerTransformStatus = OK
Seq_Frame0094_StylusToTrackerTransform = 0.134197726846 0.000843646877911 -0.990954220295 119.459999084 -0.192844212055 0.980903685093 -0.025280399248 158.919998169 0.972009301186 0.194492354989 0.131797730923 -1631.63000488 0.0 0.0 0.0 1.0 
Seq_Frame0094_Timestamp = 2.29701080622
Seq_Frame0095_FrameNumber = 95
Seq_Frame0095_StylusToTrackerTransformStatus = OK
Seq_Frame0095_StylusToTrackerTransform = 0.134197726846 0.000843646877911 -0.990954220295 119.459999084 -0.192844212055 0.980903685093 -0.025280399248 158.919998169 0.972009301186 0.194492354989 0.131797730923 -1631.63000488 0.0 0.0 0.0 1.0 
Seq_Frame0095_Timestamp = 2.32703110152
Seq_Frame0096_FrameNumber = 96
Seq_Frame0096_StylusToTrackerTransformStatus = OK
Seq_Frame0096_StylusToTrackerTransform = 0.140403240919 0.00382730783895 -0.990087032318 120.930000305 -0.194309920073 0.980652272701 -0.0237640570849 159.830001831 0.970840156078 0.195720270276 0.138430446386 -1627.5300293 0.0 0.0 0.0 1.0 
Seq_Frame0096_Timestamp = 2.3421087009
Seq_Frame0097_FrameNumber = 97
Seq_Frame0097_StylusToTrackerTransformStatus = OK
Seq_Frame0097_StylusToTrackerTransform = 0.140403240919 0.00382730783895 -0.990087032318 120.930000305 -0.194309920073 0.980652272701 -0.0237640570849 159.830001831 0.970840156078 0.195720270276 0.138430446386 -1627.5300293 0.0 0.0 0.0 1.0 
Seq_Frame0097_Timestamp = 2.36213560761
Seq_Frame0098_FrameNumber = 98
Seq_Frame0098_StylusToTrackerTransformStatus = OK
Seq_Frame0098_StylusToTrackerTransform = 0.140403240919 0.00382730783895 -0.990087032318 120.930000305 -0.194309920073 0.980652272701 -0.0237640570849 159.830001831 0.970840156078 0.195720270276 0.138430446386 -1627.5300293 0.0 0.0 0.0 1.0 
Seq_Frame0098_Timestamp = 2.37706606543
Seq_Frame0099_FrameNumber = 99
Seq_Frame0099_StylusToTrackerTransformStatus = OK
Seq_Frame0099_StylusToTrackerTransform = 0.148775994778 0.00495772063732 -0.988858520985 121.730003357 -0.199884787202 0.979496240616 -0.0251623354852 159.339996338 0.968458473682 0.20140132308 0.146716505289 -1625.16003418 0.0 0.0 0.0 1.0 
Seq_Frame0099_Timestamp = 2.41222123148
Seq_Frame0100_FrameNumber = 100
Seq_Frame0100_StylusToTrackerTransformStatus = OK
Seq_Frame0100_StylusToTrackerTransform = 0.148775994778 0.00495772063732 -0.988858520985 121.730003357 -0.199884787202 0.979496240616 -0.0251623354852 159.339996338 0.968458473682 0.20140132308 0.146716505289 -1625.16003418 0.0 0.0 0.0 1.0 
Seq_Frame0100_Timestamp = 2.42722397935
Seq_Frame0101_FrameNumber = 101
Seq_Frame0101_StylusToTrackerTransformStatus = OK
Seq_Frame0101_StylusToTrackerTransform = 0.154462188482 0.00596091384068 -0.987980723381 121.949996948 -0.203281119466 0.978778421879 -0.0258758421987 157.88999939 0.966859996319 0.204834669828 0.152396008372 -1624.26000977 0.0 0.0 0.0 1.0 
Seq_Frame0101_Timestamp = 2.44202494121
Seq_Frame0102_FrameNumber = 102
Seq_Frame0102_StylusToTrackerTransformStatus = OK
Seq_Frame0102_StylusToTrackerTransform = 0.154462188482 0.00596091384068 -0.987980723381 121.949996948 -0.203281119466 0.978778421879 -0.0258758421987 157.88999939 0.966859996319 0.204834669828 0.152396008372 -1624.26000977 0.0 0.0 0.0 1.0 
Seq_Frame0102_Timestamp = 2.48208985426
Seq_Frame0103_FrameNumber = 103
Seq_Frame0103_StylusToTrackerTransformStatus = OK
Seq_Frame0103_StylusToTrackerTransform = 0.159115061164 0.00883133150637 -0.987220525742 121.61000061 -0.204802200198 0.978502810001 -0.0242556054145 156.13999939 0.965783834457 0.206044375896 0.157503217459 -1624.89001465 0.0 0.0 0.0 1.0 
Seq_Frame0103_Timestamp = 2.49703283477
Seq_Frame0104_FrameNumber = 104
Seq_Frame0104_StylusToTrackerTransformStatus = OK
Seq_Frame0104_StylusToTrackerTransform = 0.159115061164 0.00883133150637 -0.987220525742 121.61000061 -0.204802200198 0.978502810001 -0.0242556054145 156.13999939 0.965783834457 0.206044375896 0.157503217459 -1624.89001465 0.0 0.0 0.0 1.0 
Seq_Frame0104_Timestamp = 2.51203871332
Seq_Frame0105_FrameNumber = 105
Seq_Frame0105_StylusToTrackerTransformStatus = OK
Seq_Frame0105_StylusToTrackerTransform = 0.158389240503 0.0103308483958 -0.987322688103 121.050003052 -0.2068477422 0.978103995323 -0.0229487400502 153.970001221 0.96546715498 0.207860305905 0.157058060169 -1626.38000488 0.0 0.0 0.0 1.0 
Seq_Frame0105_Timestamp = 2.5420279865
Seq_Frame0106_FrameNumber = 106
Seq_Frame0106_StylusToTrackerTransformStatus = OK
Seq_Frame0106_StylusToTrackerTransform = 0.158389240503 0.0103308483958 -0.987322688103 121.050003052 -0.2068477422 0.978103995323 -0.0229487400502 153.970001221 0.96546715498 0.207860305905 0.157058060169 -1626.38000488 0.0 0.0 0.0 1.0 
Seq_Frame0106_Timestamp = 2.55702618067
Seq_Frame0107_FrameNumber = 107
Seq_Frame0107_StylusToTrackerTransformStatus = OK
Seq_Frame0107_StylusToTrackerTransform = 0.158389240503 0.0103308483958 -0.987322688103 121.050003052 -0.2068477422 0.978103995323 -0.0229487400502 153.970001221 0.96546715498 0.207860305905 0.157058060169 -1626.38000488 0.0 0.0 0.0 1.0 
Seq_Frame0107_Timestamp = 2.5820382551
Seq_Frame0108_FrameNumber = 108
Seq_Frame0108_StylusToTrackerTransformStatus = OK
